     13 0
 383260 1
 101942 2
  55300 3
  48138 4
  41004 5
  36280 6
  33051 7
  28657 8
  25954 9
  24254 10
  22602 11
  20517 12
  18619 13
  16392 14
  14680 15
  13469 16
  12233 17
  10954 18
   9558 19
   8567 20
   7842 21
   7077 22
   6570 23
   6075 24
   5416 25
   5009 26
   4579 27
   4125 28
   3590 29
   3353 30
   3194 31
   2954 32
   2809 33
   2451 34
   2284 35
   2180 36
   1765 37
   1730 38
   1518 39
   1449 40
   1349 41
   1061 42
   1043 43
    868 44
    845 45
    787 46
    713 47
    773 48
    662 49
    662 50
    636 51
    612 52
    629 53
    560 54
    549 55
    548 56
    545 57
    549 58
    554 59
    554 60
    542 61
    541 62
    541 63
    551 64
    546 65
    547 66
    541 67
    534 68
    559 69
    552 70
    563 71
    571 72
    576 73
    585 74
    590 75
    609 76
    613 77
    628 78
    627 79
    610 80
    536 81
    539 82
    549 83
    561 84
    558 85
    577 86
    590 87
    619 88
    659 89
    705 90
    747 91
    787 92
    887 93
   1074 94
   1344 95
   1481 96
   1587 97
   1723 98
   1884 99
   3123 100
   8931 101
   9116 102
   9021 103
   9090 104
   8942 105
   8982 106
   9153 107
   9218 108
   9007 109
   9689 110
   9138 111
   9320 112
   9200 113
   9226 114
   9134 115
   9149 116
   9325 117
   9413 118
   9200 119
   9830 120
   9281 121
   9435 122
   9300 123
   9335 124
   9238 125
   9240 126
   9396 127
   9443 128
   9199 129
   9865 130
   9349 131
   9408 132
   9293 133
   9246 134
   9218 135
   9123 136
   9236 137
   9329 138
   9002 139
   9642 140
   9049 141
   9112 142
   8876 143
   8571 144
   8148 145
   7949 146
   7981 147
   7919 148
   7420 149
   6568 150
   1211 151
   1088 152
   1132 153
   1053 154
   1031 155
   1014 156
   1037 157
   1100 158
   1001 159
   1021 160
   1019 161
    958 162
    964 163
    919 164
    881 165
    876 166
    863 167
    915 168
    844 169
    860 170
    874 171
    813 172
    843 173
    786 174
    772 175
    759 176
    783 177
    850 178
    781 179
    794 180
    849 181
    805 182
    878 183
    799 184
    857 185
    861 186
    998 187
   1073 188
   1117 189
   1179 190
   1242 191
   1216 192
   1259 193
   1287 194
   1340 195
   1377 196
   1469 197
   1581 198
   2365 199
   2563 200
   6023 201
   6228 202
   6081 203
   6213 204
   6069 205
   6143 206
   6074 207
   6115 208
   6035 209
   6239 210
   6040 211
   6163 212
   6000 213
   6120 214
   6013 215
   6044 216
   6018 217
   6007 218
   5939 219
   6196 220
   5927 221
   6104 222
   5932 223
   6036 224
   5900 225
   5998 226
   5880 227
   5955 228
   5899 229
   6104 230
   5848 231
   6020 232
   5899 233
   5952 234
   5827 235
   5934 236
   5848 237
   5865 238
   5787 239
   6039 240
   5799 241
   5963 242
   5828 243
   5914 244
   5757 245
   5848 246
   5760 247
   5814 248
   5721 249
   5932 250
   5689 251
   5867 252
   5729 253
   5807 254
   5676 255
   5733 256
   5668 257
   5686 258
   5612 259
   5866 260
   5574 261
   5720 262
   5590 263
   5679 264
   5539 265
   5630 266
   5546 267
   5569 268
   5478 269
   5691 270
   5498 271
   5613 272
   5470 273
   5554 274
   5388 275
   5484 276
   5372 277
   5410 278
   5316 279
   5508 280
   5249 281
   5394 282
   5206 283
   5327 284
   5072 285
   5161 286
   4981 287
   4954 288
   4755 289
   4921 290
   4647 291
   4806 292
   4547 293
   4604 294
   4385 295
   4413 296
   4179 297
   4174 298
   3001 299
   2966 300
     79 301
     46 302
     26 303
     27 304
     23 305
     25 306
     26 307
     25 308
     27 309
     28 310
     28 311
     28 312
     26 313
     24 314
     27 315
     26 316
     28 317
     24 318
     24 319
     27 320
     24 321
     25 322
     21 323
     22 324
     17 325
     20 326
     18 327
     16 328
     18 329
     16 330
     18 331
     17 332
     17 333
     17 334
     18 335
     14 336
     15 337
     18 338
     14 339
     16 340
     14 341
     15 342
     16 343
     15 344
     15 345
     15 346
     15 347
     15 348
     16 349
     17 350
     15 351
     15 352
     16 353
     16 354
     16 355
     16 356
     15 357
     17 358
     16 359
     17 360
     15 361
     16 362
     15 363
     14 364
     18 365
     15 366
     16 367
     17 368
     14 369
     14 370
     16 371
     14 372
     15 373
     16 374
     17 375
     16 376
     15 377
     15 378
     15 379
     15 380
     16 381
     14 382
     17 383
     14 384
     15 385
     17 386
     15 387
     16 388
     15 389
     15 390
     18 391
     15 392
     16 393
     15 394
     18 395
     15 396
     15 397
     15 398
     17 399
     19 400
     15 401
     15 402
     18 403
     15 404
     16 405
     15 406
     15 407
     14 408
     15 409
     16 410
     14 411
     18 412
     15 413
     14 414
     14 415
     14 416
     16 417
     16 418
     16 419
     15 420
     16 421
     17 422
     14 423
     24 424
     17 425
     16 426
     15 427
     16 428
     15 429
     17 430
     16 431
    827 432
     17 433
   1248 434
    844 435
   2487 436
    840 437
   1512 438
   2108 439
    453 440
   2529 441
   2109 442
   2534 443
   3021 444
   4236 445
   5500 446
   5559 447
   3498 448
   8650 449
   5648 450
   7768 451
   4826 452
   6546 453
   4008 454
   1935 455
   5764 456
   5364 457
   5397 458
   2385 459
   2397 460
   3731 461
   1987 462
   3306 463
   1990 464
    254 465
   1578 466
   1141 467
    694 468
    705 469
    260 470
    703 471
   1124 472
   1599 473
   1171 474
   2065 475
   4290 476
   4297 477
   7515 478
   3895 479
   7502 480
   6239 481
   6662 482
   2162 483
   3090 484
   1283 485
   2641 486
   1295 487
    368 488
    362 489
    817 490
   1297 491
    365 492
    366 493
    427 494
    370 495
    377 496
    367 497
    380 498
    384 499
    485 500
    386 501
    428 502
    418 503
   1376 504
    832 505
   1563 506
   5453 507
  15334 508
  60435 509
 271214 510
2246422 511
