     13 0
 363415 1
 177496 2
 108604 3
  94839 4
  88105 5
  85264 6
  82365 7
  79476 8
  76638 9
  74922 10
  73881 11
  72320 12
  70613 13
  68909 14
  67103 15
  66185 16
  64877 17
  64004 18
  62006 19
  61660 20
  18986 21
  18114 22
  17376 23
  16739 24
  15875 25
   6669 26
   6210 27
   5724 28
   5194 29
   4850 30
   4512 31
   4271 32
   4021 33
   3689 34
   3441 35
   3208 36
   3015 37
   2824 38
   2625 39
   2376 40
   2082 41
   1826 42
   1645 43
   1538 44
   1438 45
   1346 46
   1247 47
   1151 48
   1083 49
   1019 50
    946 51
    883 52
    681 53
    632 54
    556 55
    500 56
    459 57
    430 58
    408 59
    383 60
    356 61
    348 62
    327 63
    301 64
    282 65
    275 66
    256 67
    238 68
    229 69
    214 70
    210 71
    201 72
    198 73
    192 74
    182 75
    176 76
    169 77
    163 78
    161 79
    157 80
    157 81
    165 82
    166 83
    164 84
    162 85
    159 86
    157 87
    152 88
    162 89
    166 90
    162 91
    167 92
    170 93
    165 94
    170 95
    187 96
    184 97
    195 98
    214 99
    222 100
    248 101
    251 102
    271 103
    291 104
    314 105
    344 106
    364 107
    372 108
    420 109
    439 110
    478 111
    471 112
    515 113
    527 114
    550 115
    572 116
    591 117
    608 118
    622 119
    639 120
    672 121
    661 122
    667 123
    685 124
    694 125
    691 126
    712 127
    710 128
    723 129
    706 130
    726 131
    711 132
    718 133
    714 134
    722 135
    717 136
    729 137
    701 138
    731 139
    722 140
    711 141
    717 142
    699 143
    709 144
    698 145
    706 146
    688 147
    682 148
    678 149
    661 150
    666 151
    638 152
    643 153
    624 154
    607 155
    594 156
    577 157
    557 158
    532 159
    512 160
    438 161
    394 162
    369 163
    365 164
    327 165
    313 166
    277 167
    260 168
    241 169
    224 170
    204 171
    192 172
    174 173
    157 174
    152 175
    128 176
    113 177
    111 178
     96 179
     93 180
     78 181
     77 182
     79 183
     64 184
     66 185
     60 186
     53 187
     54 188
     56 189
     51 190
     53 191
     56 192
     50 193
     53 194
     48 195
     48 196
     54 197
     54 198
     49 199
     51 200
     50 201
     50 202
     52 203
     52 204
     50 205
     50 206
     48 207
     48 208
     47 209
     46 210
     46 211
     43 212
     45 213
     45 214
     44 215
     45 216
     46 217
     48 218
     47 219
     49 220
     47 221
     48 222
     50 223
     47 224
     47 225
     47 226
     49 227
     47 228
     48 229
     48 230
     46 231
     48 232
     46 233
     45 234
     45 235
     47 236
     43 237
     43 238
     44 239
     45 240
     35 241
     33 242
     32 243
     32 244
     32 245
     29 246
     30 247
     31 248
     29 249
     29 250
     31 251
     31 252
     32 253
     33 254
     33 255
     31 256
     29 257
     33 258
     33 259
     33 260
     30 261
     30 262
     28 263
     32 264
     30 265
     29 266
     33 267
     30 268
     31 269
     31 270
     31 271
     30 272
     28 273
     28 274
     31 275
     28 276
     27 277
     27 278
     26 279
     23 280
     26 281
     23 282
     24 283
     24 284
     25 285
     23 286
     26 287
     24 288
     23 289
     26 290
     24 291
     26 292
     25 293
     24 294
     24 295
     24 296
     24 297
     23 298
     24 299
     24 300
     25 301
     23 302
     24 303
     26 304
     22 305
     24 306
     25 307
     24 308
     27 309
     29 310
     28 311
     28 312
     25 313
     23 314
     26 315
     25 316
     27 317
     21 318
     20 319
     21 320
     19 321
     20 322
     16 323
     15 324
     12 325
     14 326
     13 327
     10 328
     13 329
     11 330
     13 331
     12 332
     12 333
     13 334
     14 335
     10 336
     11 337
     14 338
     10 339
     12 340
     10 341
     11 342
     12 343
     11 344
     11 345
     11 346
     11 347
     11 348
     12 349
     13 350
     11 351
     11 352
     12 353
     12 354
     12 355
     12 356
     11 357
     13 358
     12 359
     13 360
     11 361
     12 362
     11 363
     10 364
     14 365
     11 366
     12 367
     13 368
     10 369
     10 370
     12 371
     10 372
     11 373
     12 374
     13 375
     12 376
     11 377
     11 378
     11 379
     11 380
     12 381
     10 382
     13 383
     10 384
     11 385
     13 386
     11 387
     12 388
     11 389
     11 390
     14 391
     11 392
     12 393
     11 394
     14 395
     11 396
     11 397
     11 398
     13 399
     15 400
     11 401
     11 402
     14 403
     11 404
     12 405
     11 406
     11 407
     10 408
     11 409
     12 410
     10 411
     14 412
     11 413
     10 414
     10 415
     10 416
     12 417
     12 418
     12 419
     11 420
     12 421
     13 422
     10 423
     20 424
     13 425
     12 426
     11 427
     12 428
     11 429
     13 430
     12 431
    823 432
     13 433
   1244 434
    840 435
   2483 436
    836 437
   1508 438
   2104 439
    449 440
   2525 441
   2105 442
   2530 443
   3017 444
   4232 445
   5496 446
   5555 447
   3494 448
   8646 449
   5644 450
   7764 451
   4823 452
   6543 453
   4005 454
   1932 455
   5761 456
   5361 457
   5394 458
   2382 459
   2394 460
   3728 461
   1984 462
   3303 463
   1987 464
    251 465
   1575 466
   1138 467
    691 468
    702 469
    257 470
    700 471
   1121 472
   1596 473
   1168 474
   2062 475
   4287 476
   4294 477
   7511 478
   3892 479
   7499 480
   6236 481
   6659 482
   2159 483
   3087 484
   1280 485
   2638 486
   1292 487
    365 488
    359 489
    814 490
   1294 491
    362 492
    363 493
    424 494
    367 495
    374 496
    364 497
    377 498
    381 499
    482 500
    383 501
    425 502
    415 503
   1373 504
    829 505
   1560 506
   5350 507
  14851 508
  58765 509
 273637 510
2233689 511
