4895552 0
   2369 1
    153 2
     78 3
     68 4
     29 5
     27 6
     12 7
      8 8
      7 9
      5 10
      6 11
      5 12
      7 13
      3 14
      1 15
      4 16
      4 17
      6 18
      1 19
      3 21
      1 22
      3 23
      1 27
      1 29
      2 31
      1 37
      1 38
      1 40
      1 41
      1 44
      1 46
      1 54
      1 64
      1 74
      1 75
      1 78
      1 83
      1 94
      1 102
      1 107
      1 110
      1 121
      2 151
      1 157
      1 166
      1 174
      1 175
      1 177
      1 187
      1 193
      1 198
      1 202
      1 217
      1 237
      1 238
      1 247
      1 254
      1 258
      1 270
      1 275
      1 281
      1 307
      1 345
      1 349
      2 371
      1 373
      1 375
      1 378
      1 394
      1 405
      1 407
      1 435
      1 452
      1 456
      1 457
      1 462
      1 520
      1 537
      1 538
      1 543
      1 558
      1 568
      1 622
      1 676
      1 682
      1 691
      1 716
      1 751
      1 756
      1 761
      1 767
      1 789
      1 809
      2 884
      1 1043
      1 1739
      1 7479
