4559715 0.0
   4154 0.01
   4936 0.02
   1789 0.03
   2945 0.04
   4831 0.05
   7204 0.06
   8339 0.07
   9722 0.08
   9477 0.09
  10736 0.1
  11857 0.11
  14656 0.12
   8120 0.13
  10677 0.14
   9397 0.15
   3345 0.16
  10165 0.17
   9451 0.18
   3789 0.19
   9686 0.2
   3703 0.21
   8086 0.22
   2770 0.23
   1286 0.24
  11060 0.25
    406 0.26
   3348 0.27
    319 0.28
   8676 0.29
   2557 0.3
   1050 0.31
    106 0.32
  11619 0.33
     90 0.35
    926 0.36
     26 0.37
   2716 0.38
     25 0.39
   8919 0.4
     23 0.41
    186 0.42
   2484 0.43
    687 0.44
    169 0.45
     47 0.46
     24 0.47
      1 0.48
  12645 0.5
      7 0.53
     20 0.54
     39 0.55
    157 0.56
    618 0.57
     17 0.58
   2717 0.6
    135 0.62
     16 0.64
  12413 0.67
      6 0.7
    135 0.71
      2 0.73
   3342 0.75
      1 0.77
      9 0.78
    839 0.8
    144 0.83
     38 0.86
      9 0.88
      1 0.89
      1 0.9
  78820 1.0
