     33 0
 117577 1
  70627 2
  58294 3
  55816 4
  54637 5
  54607 6
  54382 7
  54229 8
  53618 9
  53499 10
  53260 11
  52869 12
  52602 13
  52262 14
  51679 15
  51825 16
  51265 17
  51123 18
  50053 19
  50144 20
  10242 21
  10211 22
  10139 23
  10105 24
  10111 25
   1369 26
   1363 27
   1316 28
   1295 29
   1319 30
   1211 31
   1237 32
   1289 33
   1219 34
   1192 35
   1220 36
   1180 37
   1265 38
   1166 39
   1209 40
   1245 41
   1219 42
   1217 43
   1198 44
   1232 45
   1274 46
   1248 47
   1217 48
   1186 49
   1108 50
   1143 51
   1101 52
   1137 53
   1148 54
   1084 55
   1194 56
   1097 57
   1196 58
   1136 59
   1110 60
   1223 61
   1176 62
   1270 63
   1294 64
   1233 65
   1141 66
   1065 67
   1098 68
   1157 69
   1067 70
   1107 71
   1048 72
   1070 73
   1030 74
   1131 75
   1012 76
   1090 77
   1048 78
   1060 79
   1048 80
   1061 81
   1102 82
    982 83
   1017 84
    987 85
   1132 86
   1044 87
   1002 88
    994 89
   1054 90
   1052 91
    949 92
   1025 93
   1017 94
   1007 95
    909 96
    948 97
   1015 98
   1034 99
   1015 100
    942 101
    966 102
   1008 103
    981 104
   1004 105
    975 106
    939 107
    833 108
    862 109
    935 110
    923 111
    969 112
    997 113
    928 114
    914 115
   1044 116
   1032 117
    959 118
   1106 119
   1107 120
   1166 121
   1119 122
    907 123
    963 124
    939 125
   1137 126
    945 127
    958 128
   1205 129
   1090 130
   1282 131
   1171 132
   1108 133
   1097 134
   1050 135
   1094 136
   1097 137
   1157 138
   1083 139
   1139 140
   1141 141
   1093 142
   1129 143
   1122 144
   1102 145
   1176 146
   1082 147
   1146 148
   1193 149
   1050 150
   1133 151
   1234 152
   1066 153
   1097 154
   1090 155
   1059 156
   1078 157
    991 158
    923 159
    930 160
   1028 161
   1287 162
   1011 163
   1083 164
   1122 165
   1359 166
   1141 167
   1075 168
   1176 169
   1098 170
   1115 171
    953 172
   1149 173
   1060 174
    996 175
    941 176
    945 177
    998 178
    954 179
    984 180
    971 181
   1071 182
    942 183
    889 184
    964 185
    866 186
    876 187
    796 188
    768 189
    724 190
    863 191
    886 192
    859 193
    749 194
    676 195
    824 196
    652 197
    651 198
    609 199
    761 200
    818 201
    608 202
    915 203
    776 204
    802 205
    524 206
    547 207
    862 208
    671 209
    711 210
    702 211
    830 212
    868 213
    895 214
   1146 215
   1058 216
    880 217
    673 218
   1483 219
    929 220
   1759 221
   1487 222
   1388 223
   1394 224
   2074 225
   1487 226
   2178 227
   2794 228
   2572 229
   2557 230
   3805 231
   3183 232
   3183 233
   3683 234
   4282 235
   3471 236
   3678 237
   4118 238
   5298 239
   4800 240
   5838 241
   4143 242
   3254 243
   4643 244
   5785 245
   3940 246
   4006 247
   3895 248
   5871 249
   7182 250
   6349 251
   5125 252
   6825 253
  10994 254
3363591 255
