     33 0
  26103 1
  20242 2
  13174 3
  11736 4
   9936 5
   9376 6
   8520 7
   8208 8
   7694 9
   7357 10
   7004 11
   6825 12
   6480 13
   6312 14
   6071 15
   5881 16
   5662 17
   5564 18
   5375 19
   5277 20
   5129 21
   5035 22
   4919 23
   4832 24
   4635 25
   4541 26
   4422 27
   4330 28
   4228 29
   4176 30
   4062 31
   4010 32
   3914 33
   3843 34
   3764 35
   3717 36
   3628 37
   3593 38
   3539 39
   3484 40
   3420 41
   3396 42
   3318 43
   3279 44
   3205 45
   3149 46
   3100 47
   3078 48
   3023 49
   2998 50
   2963 51
   2917 52
   2875 53
   2858 54
   2803 55
   2786 56
   2748 57
   2722 58
   2684 59
   2666 60
   2632 61
   2613 62
   2590 63
   2568 64
   2540 65
   2517 66
   2481 67
   2469 68
   2439 69
   2419 70
   2398 71
   2381 72
   2351 73
   2341 74
   2312 75
   2295 76
   2273 77
   2258 78
   2225 79
   2213 80
   2186 81
   2154 82
   2131 83
   2121 84
   2099 85
   2086 86
   2067 87
   2050 88
   2021 89
   2010 90
   1989 91
   1985 92
   1966 93
   1947 94
   1936 95
   1914 96
   1900 97
   1892 98
   1868 99
   1853 100
   1841 101
   1825 102
   1808 103
   1791 104
   1762 105
   1748 106
   1730 107
   1725 108
   1694 109
   1686 110
   1675 111
   1662 112
   1651 113
   1646 114
   1631 115
   1624 116
   1610 117
   1603 118
   1588 119
   1574 120
   1565 121
   1558 122
   1547 123
   1534 124
   1528 125
   1521 126
   1512 127
   1507 128
   1494 129
   1487 130
   1475 131
   1462 132
   1447 133
   1442 134
   1434 135
   1431 136
   1427 137
   1426 138
   1413 139
   1407 140
   1399 141
   1391 142
   1379 143
   1375 144
   1363 145
   1347 146
   1338 147
   1330 148
   1323 149
   1319 150
   1307 151
   1301 152
   1294 153
   1291 154
   1284 155
   1275 156
   1269 157
   1259 158
   1248 159
   1243 160
   1230 161
   1220 162
   1214 163
   1208 164
   1202 165
   1191 166
   1185 167
   1185 168
   1172 169
   1166 170
   1158 171
   1151 172
   1144 173
   1141 174
   1135 175
   1129 176
   1127 177
   1120 178
   1115 179
   1102 180
   1099 181
   1089 182
   1081 183
   1076 184
   1069 185
   1063 186
   1057 187
   1052 188
   1047 189
   1044 190
   1041 191
   1039 192
   1034 193
   1030 194
   1025 195
   1015 196
   1008 197
   1006 198
    998 199
    995 200
    989 201
    980 202
    970 203
    963 204
    961 205
    955 206
    955 207
    954 208
    942 209
    937 210
    929 211
    922 212
    916 213
    908 214
    899 215
    885 216
    879 217
    877 218
    865 219
    862 220
    850 221
    841 222
    833 223
    830 224
    826 225
    821 226
    815 227
    803 228
    793 229
    788 230
    778 231
    778 232
    774 233
    771 234
    769 235
    763 236
    759 237
    755 238
    749 239
    741 240
    735 241
    731 242
    729 243
    731 244
    727 245
    722 246
    721 247
    720 248
    710 249
    701 250
    695 251
    690 252
    682 253
    677 254
4304977 255
