1152546 0
   2729 1
     14 4
    190 5
    601 6
   1046 7
  10481 8
   1770 9
   1910 10
    212 11
    296 12
    241 13
    279 14
      2 15
     18 16
    406 17
   3390 18
    250 19
     91 20
      3 21
    117 22
      6 23
    210 24
     18 25
    157 26
     50 27
   1065 28
   1292 29
   8664 30
    976 31
   1265 32
   2971 33
   1689 34
   1143 35
   2542 36
    383 37
    599 38
    207 39
    234 40
    246 41
  10726 42
   4142 43
   9219 44
   7274 45
   8200 46
    185 47
   4061 48
     97 49
     57 50
     65 51
    221 52
     96 53
     11 54
     37 55
     10 56
     10 57
     10 58
   1387 59
      6 60
      6 61
      5 62
     86 63
    109 64
      7 65
     82 66
      1 67
     46 68
     12 69
     19 70
    203 71
      7 72
     36 73
    108 74
     18 75
     33 76
     47 77
    296 78
     13 79
     71 80
     22 81
     32 82
     36 83
     17 84
     28 85
    149 86
     96 87
    393 88
    109 89
     38 90
    285 91
     71 92
     48 93
     57 94
    284 95
     39 96
     75 97
     29 98
     29 99
    142 100
     28 101
    187 102
     68 103
    146 104
  73899 105
     41 106
     27 107
     52 108
     60 109
    145 110
    132 111
     47 112
    135 113
     11 114
     11 115
      9 116
      5 117
     10 118
     16 119
     10 120
     13 121
     40 122
     24 123
     35 124
     52 125
     85 126
     54 127
     55 128
     59 129
     48 130
     45 131
     33 132
     26 133
     30 134
     21 135
     30 136
     26 137
     43 138
     71 139
    149 140
    272 141
    345 142
    516 143
    747 144
   9218 145
  20311 146
  27324 147
    640 148
    516 149
    335 150
    807 151
    569 152
    490 153
    434 154
    590 155
    502 156
    670 157
    701 158
   1061 159
   1030 160
   1002 161
    873 162
    978 163
    904 164
    748 165
    613 166
    734 167
    616 168
    602 169
    616 170
    649 171
    782 172
    611 173
    614 174
    673 175
    572 176
    636 177
    678 178
    684 179
    659 180
   2152 181
   2296 182
   2441 183
    751 184
    878 185
    874 186
    922 187
   1142 188
   1386 189
   1677 190
   1444 191
   3267 192
   2112 193
   1929 194
   1895 195
   2614 196
   2743 197
   3008 198
   3327 199
   3933 200
   3658 201
   3326 202
   4079 203
   4177 204
   4522 205
   4559 206
   5099 207
   5569 208
   5730 209
   4778 210
   4858 211
   5167 212
   4906 213
   5462 214
   5782 215
   5947 216
   5542 217
   5395 218
   5190 219
   5347 220
   5653 221
   5580 222
   5308 223
   5638 224
   5161 225
   5073 226
   4976 227
   5222 228
   5238 229
   5282 230
   4598 231
   5500 232
   5257 233
   5093 234
   5423 235
   5078 236
   4574 237
   4148 238
   3793 239
   3355 240
   3596 241
   3199 242
   3288 243
   3477 244
   4219 245
   2876 246
   2830 247
   2525 248
   2710 249
   2500 250
   2566 251
   2497 252
   2315 253
   2094 254
   1894 255
   1886 256
   1772 257
   1928 258
   2008 259
   1968 260
   1782 261
   1652 262
   1579 263
   1557 264
   1374 265
   1171 266
   1245 267
   1365 268
   1265 269
   1338 270
   1167 271
   1392 272
   1265 273
   1504 274
   1472 275
   1988 276
   1643 277
   1860 278
   1944 279
   2120 280
   2401 281
   2231 282
   2154 283
   2605 284
   2786 285
   3044 286
   3261 287
   3504 288
   3605 289
   3012 290
   3585 291
   3429 292
   3912 293
   3880 294
   4029 295
   3859 296
   4269 297
   3612 298
   3661 299
   3571 300
   3747 301
   3769 302
   4195 303
   3904 304
   4578 305
   4998 306
   3837 307
   4490 308
   4252 309
   3721 310
   3101 311
   3431 312
   3241 313
   3699 314
   3699 315
   3887 316
   3815 317
   3154 318
   3381 319
   3248 320
   3345 321
   3673 322
   3439 323
   3489 324
   3652 325
   2836 326
   2868 327
   2558 328
   2432 329
   2539 330
   2597 331
   2449 332
   2542 333
   2832 334
   2116 335
   2207 336
   1921 337
   2053 338
   1882 339
   1874 340
   1672 341
   1683 342
   1525 343
   1481 344
   1415 345
   1305 346
   1293 347
   1117 348
   1172 349
   1153 350
   1038 351
   1201 352
    835 353
    755 354
    758 355
    670 356
    631 357
    746 358
    546 359
    507 360
    498 361
    404 362
    505 363
    501 364
    359 365
    348 366
    310 367
    409 368
    393 369
    338 370
    339 371
    324 372
    614 373
    546 374
    298 375
    294 376
    247 377
    239 378
    212 379
    214 380
    178 381
    169 382
   2172 383
    140 384
    122 385
    115 386
    185 387
    182 388
    141 389
    101 390
     96 391
     80 392
     97 393
    109 394
     68 395
    102 396
     67 397
     87 398
     61 399
     73 400
    101 401
     48 402
     60 403
     65 404
     62 405
     47 406
     55 407
     52 408
     89 409
     49 410
     38 411
     47 412
     29 413
     43 414
     53 415
     52 416
     49 417
     41 418
     42 419
     50 420
     19 421
     50 422
     23 423
     17 424
     30 425
     21 426
     23 427
     19 428
     25 429
      9 430
     17 431
     13 432
     19 433
     10 434
     14 435
     16 436
     22 437
     26 438
     73 439
     18 440
     15 441
     17 442
     21 443
     19 444
     18 445
     15 446
     19 447
     17 448
     31 449
     60 450
     19 451
     28 452
     33 453
     43 454
     36 455
     39 456
     41 457
     33 458
     52 459
     32 460
     24 461
     31 462
     37 463
     32 464
     14 465
     25 466
     26 467
     21 468
     26 469
     32 470
     17 471
     26 472
     25 473
     33 474
     25 475
     21 476
     19 477
     14 478
     32 479
     22 480
     19 481
     17 482
     25 483
     13 484
     38 485
     11 486
     32 487
     20 488
     17 489
     24 490
    154 491
     25 492
     17 493
     13 494
    197 495
     13 496
     11 497
     11 498
     15 499
     11 500
     22 501
      9 502
     22 503
     20 504
     20 505
     28 506
     16 507
   6285 508
     18 509
     18 510
     37 511
      9 512
     19 513
     29 514
     14 515
    542 516
     21 517
     16 518
     23 519
 545372 520
      7 521
      7 522
      8 523
     14 524
      9 525
     12 526
     10 527
     21 528
     14 529
     16 530
     11 531
     14 532
     13 533
      9 534
     21 535
     18 536
     15 537
     20 538
     13 539
      7 540
     22 541
     16 542
     26 543
     21 544
     17 545
     18 546
     33 547
     15 548
     19 549
     14 550
     25 551
     20 552
     23 553
    201 554
     21 555
     19 556
     21 557
     15 558
     28 559
     24 560
     27 561
     25 562
     19 563
     37 564
     21 565
     19 566
   1416 567
     34 568
     38 569
     42 570
     26 571
     28 572
     28 573
     37 574
     46 575
     39 576
     35 577
     27 578
     40 579
     30 580
     27 581
     34 582
     32 583
     50 584
     42 585
     41 586
     47 587
     35 588
     40 589
     47 590
     36 591
     46 592
     50 593
     44 594
     34 595
     42 596
     45 597
     44 598
     28 599
     44 600
     36 601
     49 602
     41 603
     37 604
     43 605
     42 606
    275 607
     41 608
     41 609
     37 610
     54 611
     55 612
     59 613
     59 614
     53 615
     51 616
     63 617
     47 618
     50 619
     31 620
     42 621
     54 622
     39 623
     54 624
     45 625
     46 626
     50 627
     53 628
     40 629
     54 630
     51 631
     60 632
     63 633
     52 634
     47 635
     58 636
    285 637
     68 638
     57 639
     51 640
   1388 641
     55 642
     55 643
     66 644
     53 645
     47 646
     50 647
     60 648
     57 649
     76 650
     54 651
     70 652
     53 653
     61 654
     49 655
     52 656
     50 657
     66 658
     52 659
     63 660
     42 661
     59 662
     59 663
     64 664
     45 665
     70 666
     74 667
     50 668
     61 669
     66 670
     68 671
     53 672
     75 673
     62 674
     84 675
     64 676
     67 677
     71 678
     45 679
     77 680
     67 681
     68 682
     69 683
     63 684
     71 685
     66 686
     68 687
     78 688
     66 689
     80 690
     60 691
     73 692
     61 693
     78 694
     72 695
     70 696
     80 697
     77 698
     59 699
     72 700
     72 701
     79 702
     80 703
     92 704
     84 705
     76 706
     71 707
     94 708
     66 709
     70 710
     76 711
     83 712
     63 713
     67 714
     82 715
     63 716
     83 717
     86 718
     70 719
     72 720
     84 721
    102 722
     91 723
    105 724
     92 725
     78 726
     78 727
     89 728
     75 729
     74 730
     76 731
     72 732
     89 733
     68 734
     87 735
     79 736
     74 737
     86 738
     81 739
    605 740
     80 741
     70 742
     74 743
     80 744
     80 745
     79 746
     64 747
   1538 748
    302 749
     75 750
    101 751
     80 752
     94 753
     92 754
     74 755
    105 756
     74 757
     88 758
     87 759
    101 760
     84 761
     81 762
     92 763
     96 764
     79 765
     95 766
     96 767
    295 768
     72 769
     91 770
     89 771
     91 772
     87 773
     81 774
     71 775
     84 776
     73 777
     57 778
     82 779
     80 780
     92 781
     67 782
     79 783
     88 784
     87 785
     79 786
     81 787
     96 788
     69 789
     96 790
     85 791
     91 792
     75 793
     77 794
     83 795
     78 796
     91 797
     93 798
     70 799
    104 800
    117 801
    112 802
    101 803
     98 804
     93 805
     68 806
     95 807
     70 808
     87 809
     95 810
     80 811
     79 812
     72 813
     91 814
     87 815
     80 816
     84 817
     90 818
     74 819
     80 820
    110 821
     69 822
     72 823
     70 824
     87 825
     81 826
     97 827
     98 828
     88 829
     73 830
     89 831
    125 832
     98 833
    103 834
     84 835
     71 836
     93 837
     83 838
     85 839
    103 840
     98 841
     73 842
    102 843
     79 844
     83 845
     89 846
     89 847
     85 848
    111 849
     93 850
     87 851
    308 852
     83 853
    330 854
     79 855
     91 856
     73 857
     87 858
    113 859
     89 860
    107 861
     92 862
     80 863
     75 864
    106 865
     73 866
     82 867
     84 868
     77 869
     89 870
     95 871
     69 872
     85 873
     89 874
     97 875
     96 876
    109 877
    104 878
    327 879
    102 880
    103 881
    107 882
     91 883
    320 884
     99 885
     87 886
    103 887
    100 888
    100 889
    118 890
     86 891
     88 892
    102 893
     69 894
     89 895
     82 896
     88 897
     82 898
     84 899
     97 900
     76 901
     89 902
     98 903
     97 904
     88 905
     90 906
     94 907
     91 908
     93 909
     90 910
    104 911
     81 912
     77 913
     88 914
     89 915
    101 916
     80 917
    112 918
     96 919
     94 920
     80 921
     83 922
     88 923
     78 924
     85 925
    117 926
     76 927
     89 928
     94 929
     83 930
     98 931
     98 932
     97 933
     97 934
     85 935
     97 936
    105 937
    115 938
     97 939
    123 940
     94 941
     80 942
     79 943
    102 944
     91 945
     97 946
    108 947
     92 948
    103 949
     88 950
     86 951
     84 952
     89 953
     81 954
     79 955
    108 956
     85 957
     81 958
     88 959
    320 960
     84 961
     82 962
    105 963
     91 964
    339 965
     87 966
     79 967
     80 968
     63 969
     80 970
     72 971
     81 972
     89 973
     85 974
     87 975
     75 976
     85 977
     95 978
     80 979
     73 980
     84 981
     76 982
     85 983
     82 984
     73 985
     95 986
     87 987
     91 988
     86 989
     93 990
     81 991
     70 992
     60 993
     60 994
     78 995
     78 996
     84 997
     84 998
     92 999
    100 1000
     85 1001
     75 1002
     83 1003
     67 1004
     83 1005
     96 1006
     79 1007
    697 1008
     86 1009
    335 1010
     77 1011
     80 1012
     75 1013
     72 1014
     86 1015
     64 1016
     63 1017
     89 1018
     68 1019
     69 1020
     66 1021
     87 1022
     71 1023
     82 1024
     68 1025
     70 1026
     66 1027
     79 1028
     69 1029
    324 1030
     91 1031
2255724 1032
     90 1033
     89 1034
     70 1035
     77 1036
     74 1037
     70 1038
     81 1039
     58 1040
     79 1041
     86 1042
     75 1043
     89 1044
     71 1045
     84 1046
     81 1047
     54 1048
     56 1049
     75 1050
     67 1051
     69 1052
     78 1053
     81 1054
     81 1055
     75 1056
     73 1057
     96 1058
     69 1059
     76 1060
     74 1061
     74 1062
     62 1063
     79 1064
     73 1065
     60 1066
     87 1067
     70 1068
     67 1069
     69 1070
     53 1071
     66 1072
     65 1073
     87 1074
     74 1075
     77 1076
     80 1077
     67 1078
     78 1079
     59 1080
     91 1081
     74 1082
     86 1083
     68 1084
     63 1085
     78 1086
     72 1087
     65 1088
     69 1089
     60 1090
     74 1091
     63 1092
     79 1093
     72 1094
     75 1095
     60 1096
     64 1097
     65 1098
     70 1099
     67 1100
     65 1101
     86 1102
     76 1103
     74 1104
     79 1105
     66 1106
     78 1107
     60 1108
     98 1109
     68 1110
     62 1111
     78 1112
     77 1113
     69 1114
     68 1115
     92 1116
     82 1117
     52 1118
     52 1119
     67 1120
     67 1121
     73 1122
     74 1123
     78 1124
     69 1125
     58 1126
     71 1127
     72 1128
     81 1129
     72 1130
     78 1131
     85 1132
     77 1133
     70 1134
     68 1135
     70 1136
     72 1137
     68 1138
     77 1139
     72 1140
     88 1141
     72 1142
     82 1143
     70 1144
     66 1145
     76 1146
     74 1147
     75 1148
     72 1149
     55 1150
     63 1151
     64 1152
    270 1153
     59 1154
     80 1155
     69 1156
     60 1157
     71 1158
     64 1159
     77 1160
     54 1161
     65 1162
     64 1163
     63 1164
     55 1165
     53 1166
     69 1167
     75 1168
     74 1169
     80 1170
     95 1171
     71 1172
     81 1173
     88 1174
     77 1175
     87 1176
     59 1177
     78 1178
     82 1179
     77 1180
     80 1181
     68 1182
     89 1183
     83 1184
     79 1185
     89 1186
     87 1187
     87 1188
     86 1189
     75 1190
     79 1191
     76 1192
     68 1193
    106 1194
     87 1195
     84 1196
     68 1197
     62 1198
    284 1199
     69 1200
     64 1201
     75 1202
     75 1203
     78 1204
     75 1205
     93 1206
     82 1207
     98 1208
     74 1209
     80 1210
     67 1211
     67 1212
     76 1213
    318 1214
     72 1215
     83 1216
     80 1217
     81 1218
     51 1219
     61 1220
     60 1221
     88 1222
     69 1223
     76 1224
     68 1225
     67 1226
     58 1227
     73 1228
     70 1229
     72 1230
     68 1231
     82 1232
     78 1233
     65 1234
     61 1235
     75 1236
     73 1237
     74 1238
     68 1239
     73 1240
     78 1241
     77 1242
     67 1243
     61 1244
     78 1245
     70 1246
     70 1247
     62 1248
     64 1249
     47 1250
     62 1251
     74 1252
     51 1253
     77 1254
     74 1255
     63 1256
     60 1257
     67 1258
     63 1259
     61 1260
     70 1261
     76 1262
     58 1263
     72 1264
     75 1265
     75 1266
     68 1267
     68 1268
     44 1269
     68 1270
     62 1271
     61 1272
     62 1273
     64 1274
     72 1275
     54 1276
     71 1277
     58 1278
     54 1279
     50 1280
     75 1281
     50 1282
     65 1283
     76 1284
     65 1285
     58 1286
     66 1287
     51 1288
     55 1289
     55 1290
     68 1291
     56 1292
     54 1293
     77 1294
     58 1295
     63 1296
     57 1297
     62 1298
     52 1299
     58 1300
     69 1301
     58 1302
     46 1303
     47 1304
     61 1305
     59 1306
     58 1307
     69 1308
     59 1309
     59 1310
     62 1311
     54 1312
     53 1313
     55 1314
     56 1315
     47 1316
     64 1317
     58 1318
     50 1319
     50 1320
     61 1321
     47 1322
     56 1323
     63 1324
     55 1325
     68 1326
     67 1327
     47 1328
     59 1329
     58 1330
     47 1331
     63 1332
     70 1333
     61 1334
     66 1335
     57 1336
     60 1337
     56 1338
    257 1339
     66 1340
     55 1341
    266 1342
     51 1343
     59 1344
     47 1345
     61 1346
     51 1347
     58 1348
     63 1349
     58 1350
     70 1351
     60 1352
     49 1353
     55 1354
     58 1355
     61 1356
     67 1357
     41 1358
     54 1359
     46 1360
     53 1361
     51 1362
    289 1363
     52 1364
     49 1365
     52 1366
     60 1367
     47 1368
     62 1369
     47 1370
     72 1371
     66 1372
     58 1373
     57 1374
     55 1375
    265 1376
     56 1377
     51 1378
     57 1379
     51 1380
     64 1381
     51 1382
     68 1383
     60 1384
     48 1385
     56 1386
     58 1387
     57 1388
     51 1389
     63 1390
     47 1391
     66 1392
     63 1393
     55 1394
     53 1395
     44 1396
     64 1397
     58 1398
     57 1399
     50 1400
     49 1401
     60 1402
     54 1403
     53 1404
     70 1405
     60 1406
     69 1407
     63 1408
     52 1409
     61 1410
     48 1411
     43 1412
     48 1413
     66 1414
     56 1415
     56 1416
     54 1417
     64 1418
     55 1419
     59 1420
     62 1421
     46 1422
     51 1423
     51 1424
     48 1425
     35 1426
     37 1427
     69 1428
     60 1429
     59 1430
     56 1431
     56 1432
     37 1433
     60 1434
     65 1435
     54 1436
     67 1437
     47 1438
     64 1439
     53 1440
     47 1441
     50 1442
     53 1443
     55 1444
     51 1445
     68 1446
     47 1447
     56 1448
     40 1449
     47 1450
     51 1451
     45 1452
     48 1453
     42 1454
     60 1455
     44 1456
     40 1457
     44 1458
     37 1459
     50 1460
     47 1461
     47 1462
     46 1463
     47 1464
     39 1465
     42 1466
     70 1467
     61 1468
     46 1469
    311 1470
     42 1471
     40 1472
     65 1473
     45 1474
     45 1475
     41 1476
     56 1477
     46 1478
     52 1479
    307 1480
     52 1481
     56 1482
     51 1483
     49 1484
     57 1485
     54 1486
     47 1487
     63 1488
     55 1489
     55 1490
     52 1491
     52 1492
     56 1493
     55 1494
     51 1495
     71 1496
     55 1497
     53 1498
     46 1499
     53 1500
     65 1501
     67 1502
     53 1503
     47 1504
     48 1505
     54 1506
     41 1507
     52 1508
     51 1509
     35 1510
     37 1511
     61 1512
     42 1513
     53 1514
     53 1515
     41 1516
     42 1517
     50 1518
     58 1519
     48 1520
     45 1521
     39 1522
     40 1523
     47 1524
     53 1525
     58 1526
     59 1527
     48 1528
     51 1529
     51 1530
     58 1531
     49 1532
     59 1533
     43 1534
     40 1535
     44 1536
     37 1537
     41 1538
     48 1539
     46 1540
     51 1541
     34 1542
     41 1543
     40 1544
     43 1545
     44 1546
     48 1547
     49 1548
     45 1549
     39 1550
     34 1551
     36 1552
     41 1553
     41 1554
     39 1555
    287 1556
     53 1557
     37 1558
     39 1559
     40 1560
     44 1561
     33 1562
     41 1563
     36 1564
     34 1565
     39 1566
     50 1567
     36 1568
     36 1569
     36 1570
     37 1571
     36 1572
     46 1573
     27 1574
     31 1575
     34 1576
     40 1577
     41 1578
     42 1579
     47 1580
     39 1581
     43 1582
     43 1583
     36 1584
     32 1585
     37 1586
     44 1587
     27 1588
     34 1589
     45 1590
     39 1591
     33 1592
     43 1593
     32 1594
     37 1595
     50 1596
     32 1597
     44 1598
     29 1599
     44 1600
     28 1601
     39 1602
     40 1603
     24 1604
     37 1605
     46 1606
     34 1607
     43 1608
     38 1609
     46 1610
     45 1611
     36 1612
     36 1613
     28 1614
     25 1615
     30 1616
     46 1617
     30 1618
     33 1619
     40 1620
     38 1621
     48 1622
     35 1623
     37 1624
     35 1625
     41 1626
     40 1627
     47 1628
     34 1629
     37 1630
     34 1631
     34 1632
     39 1633
     43 1634
     36 1635
     31 1636
     35 1637
     26 1638
     31 1639
     45 1640
     31 1641
     28 1642
     33 1643
     29 1644
     29 1645
     32 1646
     36 1647
     29 1648
     49 1649
     43 1650
     32 1651
     30 1652
     32 1653
     33 1654
     42 1655
     31 1656
     31 1657
     33 1658
     41 1659
     37 1660
     37 1661
     42 1662
     43 1663
     37 1664
     43 1665
     31 1666
     34 1667
     31 1668
     30 1669
     35 1670
     36 1671
     32 1672
     37 1673
     33 1674
     27 1675
     30 1676
     28 1677
     25 1678
     38 1679
     27 1680
     34 1681
     33 1682
     29 1683
     40 1684
     25 1685
     37 1686
     30 1687
     35 1688
     30 1689
    272 1690
     32 1691
     46 1692
     36 1693
     30 1694
     27 1695
     37 1696
     38 1697
     20 1698
    270 1699
     30 1700
     25 1701
     34 1702
     37 1703
     25 1704
     37 1705
     33 1706
     31 1707
     34 1708
     30 1709
     33 1710
     29 1711
     32 1712
     34 1713
     29 1714
     18 1715
     35 1716
     30 1717
     32 1718
     25 1719
     28 1720
     27 1721
     42 1722
     30 1723
     35 1724
     39 1725
     34 1726
     35 1727
     33 1728
     37 1729
     32 1730
     29 1731
     22 1732
     40 1733
     32 1734
     32 1735
     24 1736
     37 1737
     27 1738
     29 1739
     34 1740
     35 1741
     30 1742
     28 1743
     31 1744
     26 1745
     32 1746
     32 1747
     35 1748
     29 1749
     19 1750
     23 1751
     27 1752
     31 1753
     28 1754
     20 1755
     27 1756
     34 1757
     32 1758
     31 1759
     37 1760
     31 1761
     38 1762
     35 1763
     27 1764
     37 1765
    273 1766
     30 1767
     20 1768
     34 1769
     29 1770
     30 1771
     28 1772
     18 1773
     24 1774
     28 1775
     26 1776
     23 1777
     39 1778
     23 1779
     30 1780
     22 1781
     25 1782
     29 1783
     27 1784
     37 1785
     34 1786
     19 1787
     33 1788
     21 1789
     22 1790
     33 1791
     23 1792
     22 1793
     25 1794
     26 1795
     19 1796
     29 1797
     29 1798
     27 1799
     27 1800
     25 1801
     29 1802
     26 1803
     30 1804
     26 1805
     26 1806
     25 1807
     27 1808
     26 1809
     29 1810
     19 1811
     36 1812
     29 1813
     32 1814
     29 1815
     27 1816
     32 1817
     20 1818
     26 1819
     24 1820
     29 1821
     18 1822
     20 1823
     24 1824
     26 1825
     19 1826
     26 1827
     27 1828
     32 1829
    268 1830
     30 1831
     23 1832
     28 1833
     25 1834
     21 1835
     33 1836
     29 1837
     30 1838
     30 1839
     28 1840
     30 1841
     24 1842
     31 1843
     20 1844
     23 1845
     24 1846
     26 1847
     23 1848
     28 1849
     21 1850
     24 1851
     26 1852
     24 1853
     20 1854
     23 1855
     34 1856
     26 1857
     25 1858
     12 1859
     23 1860
     20 1861
     28 1862
     25 1863
     27 1864
     28 1865
     16 1866
     23 1867
     24 1868
     23 1869
     24 1870
     13 1871
     19 1872
     15 1873
    248 1874
     31 1875
     26 1876
     20 1877
     24 1878
     15 1879
     26 1880
     22 1881
     22 1882
     21 1883
     24 1884
     21 1885
     34 1886
     31 1887
     25 1888
     19 1889
     16 1890
     25 1891
     33 1892
     25 1893
     18 1894
     30 1895
     34 1896
     23 1897
     20 1898
     12 1899
     21 1900
     18 1901
     12 1902
     25 1903
     27 1904
     27 1905
     18 1906
     21 1907
     17 1908
     28 1909
     16 1910
     24 1911
     29 1912
     22 1913
     15 1914
     29 1915
     15 1916
     22 1917
     22 1918
     15 1919
     20 1920
     22 1921
     25 1922
     20 1923
     30 1924
     20 1925
     13 1926
     21 1927
     20 1928
     17 1929
     21 1930
     26 1931
     24 1932
     25 1933
     14 1934
     17 1935
     23 1936
     20 1937
     16 1938
     16 1939
     20 1940
     21 1941
     24 1942
     13 1943
     20 1944
     23 1945
     19 1946
     20 1947
     16 1948
     19 1949
     15 1950
     23 1951
     24 1952
     23 1953
     25 1954
     19 1955
     23 1956
     31 1957
     23 1958
     13 1959
     21 1960
     23 1961
     17 1962
     17 1963
     18 1964
     18 1965
     20 1966
     17 1967
     22 1968
     22 1969
     23 1970
     15 1971
     24 1972
     18 1973
     42 1974
     23 1975
     19 1976
     19 1977
     21 1978
     25 1979
     17 1980
     31 1981
     20 1982
     16 1983
     26 1984
     25 1985
     15 1986
     27 1987
     19 1988
     16 1989
     11 1990
     15 1991
     21 1992
     19 1993
     20 1994
     24 1995
     28 1996
     15 1997
     14 1998
     18 1999
     23 2000
     12 2001
     11 2002
     19 2003
     22 2004
     13 2005
     11 2006
     18 2007
     13 2008
     15 2009
     17 2010
     17 2011
     21 2012
     27 2013
     16 2014
     21 2015
     13 2016
     21 2017
     24 2018
     23 2019
     21 2020
     21 2021
     13 2022
     27 2023
     14 2024
     16 2025
     22 2026
     21 2027
     21 2028
     28 2029
     22 2030
     10 2031
     16 2032
     22 2033
     15 2034
     14 2035
     12 2036
     20 2037
     21 2038
     20 2039
     15 2040
     15 2041
     17 2042
     16 2043
     19 2044
     20 2045
     23 2046
      9 2047
     14 2048
     19 2049
     13 2050
     10 2051
     12 2052
     16 2053
     10 2054
     20 2055
    232 2056
     18 2057
     19 2058
     16 2059
     17 2060
     20 2061
     24 2062
     18 2063
     14 2064
     16 2065
     16 2066
     24 2067
     19 2068
     13 2069
     18 2070
     12 2071
     10 2072
     21 2073
     24 2074
     21 2075
     16 2076
     19 2077
     22 2078
     15 2079
     13 2080
     17 2081
     20 2082
     15 2083
     13 2084
     24 2085
     28 2086
     17 2087
     11 2088
     16 2089
     19 2090
     10 2091
     18 2092
     19 2093
     23 2094
     12 2095
     24 2096
     16 2097
     24 2098
     15 2099
      7 2100
     14 2101
      8 2102
     10 2103
     20 2104
     36 2105
     17 2106
     12 2107
     17 2108
     21 2109
     19 2110
     26 2111
     19 2112
     13 2113
     10 2114
     15 2115
     16 2116
     26 2117
     16 2118
     21 2119
     13 2120
     16 2121
     14 2122
     11 2123
     14 2124
     13 2125
     16 2126
     18 2127
     15 2128
     13 2129
     14 2130
     18 2131
     17 2132
     13 2133
     14 2134
     18 2135
     22 2136
     18 2137
     11 2138
     10 2139
     10 2140
     16 2141
      9 2142
     14 2143
     13 2144
     12 2145
     18 2146
     15 2147
     14 2148
     22 2149
     20 2150
     18 2151
     14 2152
     15 2153
     19 2154
     15 2155
     19 2156
     16 2157
     13 2158
     23 2159
     16 2160
     10 2161
     15 2162
     24 2163
      7 2164
     13 2165
     16 2166
     20 2167
     23 2168
     19 2169
     13 2170
     12 2171
     21 2172
     13 2173
     13 2174
     18 2175
     14 2176
      9 2177
     11 2178
     17 2179
     14 2180
     17 2181
     20 2182
     21 2183
     15 2184
     17 2185
     16 2186
     18 2187
     20 2188
     14 2189
     13 2190
    226 2191
     17 2192
     14 2193
     11 2194
      9 2195
     14 2196
      9 2197
     27 2198
     17 2199
     14 2200
      9 2201
     12 2202
     13 2203
     20 2204
     10 2205
     16 2206
      8 2207
     15 2208
     14 2209
     14 2210
     14 2211
     16 2212
     11 2213
     13 2214
     15 2215
     11 2216
     14 2217
     15 2218
     20 2219
      8 2220
     19 2221
     23 2222
     14 2223
     15 2224
     16 2225
     13 2226
     19 2227
     26 2228
     23 2229
     25 2230
     17 2231
     18 2232
     19 2233
      9 2234
     13 2235
     12 2236
     15 2237
     10 2238
     14 2239
     19 2240
     17 2241
     22 2242
     13 2243
     10 2244
     10 2245
     13 2246
     12 2247
     16 2248
     13 2249
     22 2250
     18 2251
     18 2252
     14 2253
     14 2254
     17 2255
     11 2256
      5 2257
     13 2258
     11 2259
     14 2260
     12 2261
     11 2262
     14 2263
     13 2264
     18 2265
      9 2266
      7 2267
     11 2268
     10 2269
      9 2270
     16 2271
     17 2272
     21 2273
     20 2274
     29 2275
     17 2276
     17 2277
     12 2278
     11 2279
     13 2280
     15 2281
     14 2282
      5 2283
     14 2284
      8 2285
     14 2286
     13 2287
     13 2288
     14 2289
     11 2290
     17 2291
     13 2292
     13 2293
     16 2294
     16 2295
     10 2296
     17 2297
     10 2298
     12 2299
     13 2300
      9 2301
     14 2302
      9 2303
     10 2304
     14 2305
      5 2306
     15 2307
      6 2308
     10 2309
     15 2310
     12 2311
     17 2312
     16 2313
     14 2314
     21 2315
      9 2316
     17 2317
     17 2318
     22 2319
     14 2320
     12 2321
      8 2322
     19 2323
     11 2324
     10 2325
     12 2326
      5 2327
      9 2328
      7 2329
      7 2330
     11 2331
     11 2332
     14 2333
      6 2334
     11 2335
     13 2336
     12 2337
     10 2338
      7 2339
      5 2340
      9 2341
     15 2342
     16 2343
     14 2344
     11 2345
     10 2346
     13 2347
     11 2348
      6 2349
      5 2350
     13 2351
      7 2352
      9 2353
     10 2354
      6 2355
      5 2356
     15 2357
     11 2358
      8 2359
     11 2360
     16 2361
     16 2362
     13 2363
     14 2364
     11 2365
      8 2366
     15 2367
      6 2368
     12 2369
     11 2370
     16 2371
     10 2372
     14 2373
     12 2374
      5 2375
     17 2376
     13 2377
     10 2378
     10 2379
     11 2380
     16 2381
      9 2382
      7 2383
      8 2384
      9 2385
     19 2386
      6 2387
     11 2388
     14 2389
      6 2390
      5 2391
     10 2392
     16 2393
     15 2394
     12 2395
     15 2396
      6 2397
      8 2398
      5 2399
     11 2400
     13 2401
     11 2402
      9 2403
     11 2404
     13 2405
     12 2406
     11 2407
      9 2408
      7 2409
     10 2410
      6 2411
     11 2412
      6 2413
      9 2414
     17 2415
     11 2416
     20 2417
     18 2418
      9 2419
     13 2420
     11 2421
     14 2422
      9 2423
     20 2424
     12 2425
     18 2426
     15 2427
     11 2428
      7 2429
     14 2430
      9 2431
      7 2432
      9 2433
     10 2434
     10 2435
      8 2436
      8 2437
      8 2438
     12 2439
      5 2440
      4 2441
      7 2442
     10 2443
      8 2444
      9 2445
     10 2446
      8 2447
     12 2448
      7 2449
      9 2450
      9 2451
     15 2452
     10 2453
     11 2454
     13 2455
     10 2456
     11 2457
     12 2458
     20 2459
     12 2460
     11 2461
      8 2462
      9 2463
      9 2464
      9 2465
      7 2466
      9 2467
     12 2468
      5 2469
      4 2470
      4 2471
     12 2472
      8 2473
      7 2474
      7 2475
      8 2476
      6 2477
      8 2478
      8 2479
      7 2480
     14 2481
     13 2482
      9 2483
     15 2484
     13 2485
     13 2486
      9 2487
     16 2488
     20 2489
      6 2490
     13 2491
     12 2492
     11 2493
      9 2494
     10 2495
      5 2496
      7 2497
      7 2498
     14 2499
     17 2500
      8 2501
      5 2502
      4 2503
      4 2504
      7 2505
      7 2506
      6 2507
      3 2508
      6 2509
      3 2510
      8 2511
      6 2512
      9 2513
      1 2514
      6 2515
      5 2516
     11 2517
      7 2518
      9 2519
      9 2520
      3 2521
     11 2522
      8 2523
      8 2524
      4 2525
     10 2526
      8 2527
      3 2528
      6 2529
      7 2530
      8 2531
      5 2532
     11 2533
      6 2534
      3 2535
      8 2536
      9 2537
     12 2538
      9 2539
     12 2540
      9 2541
     13 2542
     15 2543
      6 2544
      8 2545
      8 2546
      8 2547
      4 2548
     15 2549
     11 2550
      5 2551
      6 2552
     11 2553
      6 2554
      7 2555
      8 2556
      8 2557
      7 2558
     10 2559
      6 2560
     11 2561
      7 2562
     12 2563
     12 2564
     13 2565
      9 2566
     11 2567
     12 2568
     13 2569
      9 2570
      8 2571
     11 2572
     10 2573
     13 2574
      9 2575
     12 2576
     10 2577
     11 2578
     14 2579
     11 2580
     11 2581
     10 2582
      8 2583
      6 2584
     11 2585
     10 2586
      8 2587
      7 2588
     10 2589
      6 2590
     10 2591
      9 2592
      6 2593
      1 2594
      3 2595
      7 2596
      9 2597
     11 2598
     11 2599
      8 2600
      8 2601
      8 2602
      5 2603
      9 2604
     11 2605
      6 2606
      6 2607
     14 2608
     13 2609
     11 2610
      7 2611
      6 2612
      6 2613
      6 2614
      6 2615
      5 2616
      7 2617
      5 2618
      9 2619
     10 2620
     11 2621
     10 2622
     12 2623
      7 2624
      4 2625
      8 2626
      6 2627
      6 2628
      6 2629
      4 2630
      4 2631
     15 2632
      8 2633
     14 2634
     12 2635
      5 2636
     14 2637
      7 2638
      9 2639
      7 2640
      8 2641
     10 2642
      9 2643
      4 2644
      7 2645
      9 2646
      7 2647
      6 2648
      4 2649
      4 2650
      6 2651
     10 2652
      6 2653
      3 2654
      7 2655
     11 2656
     10 2657
      9 2658
      8 2659
      7 2660
     14 2661
      7 2662
     11 2663
     13 2664
      9 2665
      8 2666
      8 2667
      6 2668
      2 2669
     15 2670
     12 2671
     11 2672
     10 2673
     13 2674
      4 2675
      3 2676
      4 2677
      2 2678
      2 2679
      4 2680
      5 2681
     11 2682
      2 2683
     10 2684
     13 2685
     12 2686
      5 2687
     14 2688
      7 2689
      7 2690
      7 2691
      8 2692
      8 2693
      4 2694
      5 2695
      9 2696
     14 2697
      3 2698
      4 2699
      3 2700
      9 2701
      8 2702
      9 2703
     12 2704
      4 2705
      9 2706
     10 2707
      8 2708
      8 2709
     10 2710
      4 2711
      4 2712
      6 2713
      9 2714
      9 2715
      5 2716
     15 2717
      7 2718
     10 2719
      8 2720
      4 2721
      3 2722
      4 2723
      3 2724
      8 2725
     11 2726
      9 2727
      8 2728
      2 2729
      1 2730
      5 2731
      4 2732
      5 2733
      3 2734
      9 2735
      6 2736
     11 2737
     11 2738
      4 2739
     10 2740
      7 2741
      6 2742
     10 2743
     14 2744
      3 2745
      5 2746
      4 2747
      7 2748
      8 2749
     10 2750
      6 2751
      7 2752
     10 2753
     15 2754
     11 2755
      5 2756
      8 2757
      6 2758
     10 2759
      6 2760
     14 2761
      9 2762
      5 2763
     12 2764
      9 2765
     10 2766
     10 2767
      3 2768
      7 2769
      1 2770
      9 2771
      8 2772
     12 2773
     10 2774
      6 2775
      3 2776
      5 2777
      1 2778
      5 2779
      7 2780
      4 2781
      3 2782
      6 2783
      1 2784
      9 2785
      2 2786
      6 2787
      2 2788
      3 2789
      9 2790
      5 2791
     10 2792
      7 2793
      5 2794
      8 2795
      2 2796
      3 2797
      7 2798
      2 2799
      7 2800
     10 2801
     10 2802
      5 2803
     14 2804
      3 2805
      2 2806
      6 2807
     14 2808
      7 2809
      2 2810
      5 2811
      3 2812
      5 2813
      2 2814
      2 2815
      6 2816
      4 2817
      1 2818
      3 2819
      2 2820
      3 2821
      3 2822
      7 2823
      7 2824
     10 2825
      7 2826
      6 2827
     10 2828
      7 2829
      4 2830
      5 2831
      9 2832
      6 2833
      8 2834
      2 2835
     11 2836
      2 2837
      3 2838
      5 2839
      6 2840
      9 2841
      5 2842
      6 2843
      9 2844
      6 2845
      4 2846
      6 2847
      7 2848
      2 2849
     11 2850
      7 2851
     11 2852
      4 2853
      1 2854
      5 2855
      5 2856
     11 2857
      7 2858
      4 2859
      7 2860
      2 2861
      4 2862
      9 2863
      8 2864
      3 2865
      9 2866
      7 2867
      4 2868
      7 2869
      8 2870
     10 2871
     15 2872
      7 2873
      4 2874
      1 2875
      6 2876
      3 2877
      7 2878
      7 2879
      3 2880
    233 2881
     13 2882
      6 2883
     10 2884
      5 2885
      5 2886
      3 2887
      6 2888
      7 2889
    242 2890
      5 2891
      3 2892
      4 2893
      2 2894
     11 2895
      4 2896
      9 2897
      2 2898
      5 2899
     25 2900
      6 2901
      2 2902
      3 2903
      9 2904
      3 2905
      5 2906
      5 2907
      3 2908
      2 2909
      2 2910
      4 2911
     11 2912
      3 2913
     10 2914
      1 2915
      4 2916
      8 2917
      6 2918
      8 2919
      5 2920
      4 2921
      7 2922
      7 2923
      6 2924
      6 2925
      8 2926
      8 2927
      4 2928
      2 2929
      3 2930
      3 2931
      4 2932
      5 2933
      4 2934
      2 2935
      7 2936
      8 2937
      8 2938
      1 2939
      9 2940
      4 2941
      6 2942
      3 2943
      3 2944
      1 2945
      3 2946
      5 2947
      7 2948
      4 2949
      3 2950
      6 2951
      3 2952
      3 2953
      4 2954
      4 2955
      1 2956
      6 2957
      6 2958
      3 2959
      2 2960
      5 2961
      6 2962
      7 2963
      3 2964
      3 2965
      2 2966
      8 2967
      2 2968
      4 2969
      9 2970
      9 2971
      9 2972
     10 2973
      9 2974
      2 2975
      1 2976
      4 2977
      4 2978
      9 2979
      7 2980
      6 2981
      7 2982
      2 2983
      5 2985
      6 2986
      2 2987
      2 2988
      4 2989
      2 2990
      5 2991
      2 2992
      1 2993
     10 2994
      4 2995
     11 2996
      2 2997
      3 2998
      3 2999
      1 3000
      4 3001
      7 3002
      2 3003
      6 3004
      9 3005
      9 3006
      6 3007
      3 3008
      6 3009
      4 3010
      3 3011
      7 3012
      2 3013
      3 3014
      2 3015
      5 3016
      4 3017
      5 3018
      5 3019
      4 3020
      5 3021
      1 3022
      3 3023
      4 3024
      2 3025
      3 3026
      5 3027
      4 3028
      1 3029
      6 3030
      7 3031
      4 3032
      9 3033
      5 3034
      8 3035
      8 3036
      7 3037
      5 3038
      3 3039
      5 3040
      2 3041
      1 3042
      1 3043
      3 3044
      3 3045
      7 3046
      5 3047
      3 3048
      7 3049
      4 3050
      8 3051
      4 3052
      2 3053
      1 3054
      2 3055
      5 3056
      5 3057
      3 3058
      4 3059
      3 3060
      2 3062
      8 3063
      3 3064
      2 3065
      4 3066
      3 3067
      1 3068
      4 3069
      3 3070
      2 3071
      1 3072
      2 3073
      4 3075
      2 3076
      5 3077
      5 3078
      3 3080
      5 3081
      4 3082
      4 3083
      2 3084
      3 3086
      3 3087
      7 3088
     11 3089
      7 3090
      4 3091
      4 3092
      2 3094
      4 3095
      2 3096
      2 3097
      2 3098
      1 3099
      3 3101
      5 3102
      1 3103
      5 3104
      3 3105
      4 3106
      3 3107
      1 3108
      7 3109
      5 3110
      8 3111
      7 3112
      4 3113
      3 3114
      8 3115
      5 3116
      5 3117
      6 3118
      5 3119
      3 3120
      4 3121
      4 3122
      3 3123
     11 3124
      4 3125
      4 3126
      6 3127
      5 3128
      8 3129
     12 3130
      5 3131
      7 3132
      4 3133
      4 3134
      4 3135
      3 3136
      4 3137
      1 3138
      3 3139
      1 3140
      3 3141
      3 3142
      5 3143
      5 3144
      1 3145
      5 3146
      2 3147
      7 3148
      6 3149
      5 3150
      2 3151
      4 3152
      2 3153
      1 3154
      3 3155
      3 3156
      4 3157
      3 3158
      4 3159
      4 3160
      6 3161
      3 3162
      5 3163
      1 3164
      3 3165
      1 3166
      2 3167
      4 3168
      6 3169
      5 3170
      1 3171
      4 3172
      3 3173
      5 3174
      1 3175
      3 3176
      3 3177
      4 3178
      1 3179
      4 3180
      6 3181
      7 3182
      2 3183
      2 3184
      5 3185
      4 3186
      6 3187
      9 3188
      4 3189
      1 3190
      1 3191
      2 3193
      1 3194
      1 3195
      4 3196
      2 3197
      2 3198
      2 3200
      4 3201
      2 3202
      4 3203
      9 3205
      5 3206
      4 3207
      2 3208
      2 3209
      2 3210
      4 3211
      3 3212
      4 3213
      3 3214
      3 3215
      1 3216
      2 3217
      1 3219
      3 3221
      5 3222
      3 3223
      2 3225
      3 3226
      5 3227
      3 3228
      1 3229
      1 3230
      4 3231
      3 3232
      5 3233
      5 3234
      2 3235
      3 3236
      4 3239
      5 3240
      4 3241
      4 3242
      5 3243
      8 3244
      6 3245
      4 3246
      5 3247
      2 3248
      4 3249
      5 3250
      4 3251
      2 3252
     10 3253
      2 3254
      2 3255
      8 3256
      4 3257
      6 3258
      3 3259
      2 3260
      3 3261
      6 3262
      3 3263
      1 3264
      4 3265
      3 3266
      4 3267
      5 3268
      9 3269
      1 3270
      1 3271
      1 3272
      4 3273
      3 3274
      2 3275
      3 3276
      3 3277
      1 3278
      3 3279
      2 3280
      3 3281
      4 3283
      3 3284
      3 3285
      5 3286
      5 3288
      3 3289
      4 3290
      4 3291
      2 3292
      2 3293
      2 3294
      3 3295
      3 3296
      4 3298
      4 3299
      7 3300
      2 3301
      1 3302
      8 3303
      5 3304
      1 3305
      1 3306
      1 3307
      6 3308
      1 3309
      2 3310
      2 3312
      3 3313
      1 3314
      2 3315
      3 3316
      1 3317
      3 3318
      4 3319
      2 3320
      6 3321
      4 3324
      2 3325
      1 3326
      1 3327
      2 3328
      5 3329
      3 3330
      6 3331
      1 3332
      2 3333
      6 3334
      3 3335
      2 3336
      5 3337
      5 3338
      2 3339
      2 3340
      4 3341
      3 3343
      2 3344
      3 3345
      4 3346
      4 3347
      1 3348
      5 3350
      4 3351
      3 3352
      2 3353
      2 3354
      2 3355
      3 3356
      5 3357
      2 3358
      3 3360
      5 3361
      2 3362
      3 3363
      4 3364
      6 3365
      4 3366
      1 3368
      3 3369
      3 3370
      3 3371
      1 3372
      1 3373
      4 3374
      4 3375
      2 3376
      3 3377
      1 3378
      2 3379
      1 3380
      1 3381
      4 3382
      1 3383
      3 3384
      1 3385
      2 3386
      6 3387
      4 3388
      5 3389
      2 3390
      4 3391
      2 3393
      7 3394
      8 3395
      4 3396
      4 3397
     13 3398
      3 3399
      6 3400
      3 3401
      1 3402
      1 3403
      2 3404
      3 3405
      5 3406
      3 3407
      6 3408
      3 3409
      6 3410
      5 3411
      3 3412
      5 3413
      5 3414
      6 3415
      8 3416
      1 3417
      7 3418
      4 3419
      3 3420
      9 3421
      3 3422
      9 3423
      8 3424
      6 3425
      3 3426
      4 3427
      2 3428
      2 3429
      3 3430
      2 3431
      3 3432
      3 3433
      1 3434
      4 3435
      2 3437
      3 3438
      8 3439
      2 3441
      1 3442
      1 3443
      2 3445
      4 3446
      1 3447
      2 3448
      5 3449
      4 3450
      2 3451
      1 3452
      1 3453
      2 3454
      2 3455
      4 3456
      4 3457
      7 3458
      4 3459
      4 3460
      1 3461
      1 3462
      3 3463
      8 3464
      4 3465
      3 3466
      6 3467
    248 3468
      1 3469
      4 3470
      6 3471
      1 3472
      2 3473
      9 3475
      1 3477
      2 3478
      3 3479
      5 3480
      3 3481
     27 3482
      2 3483
      3 3484
      2 3485
      3 3486
      2 3487
      6 3488
      6 3489
      3 3490
      3 3491
      5 3492
      4 3493
      3 3495
      2 3496
      5 3497
      3 3498
      2 3499
      4 3500
      5 3501
      1 3502
      6 3503
      1 3504
      2 3505
      4 3506
      2 3507
      2 3508
      3 3509
      4 3510
      2 3511
      2 3512
      2 3513
      2 3514
      3 3515
      1 3516
      4 3517
      3 3518
      3 3519
      1 3521
      1 3523
      4 3524
      4 3525
      4 3526
      3 3527
      2 3528
      2 3529
      2 3530
      3 3531
      6 3532
      2 3533
      3 3534
      2 3536
      1 3538
      2 3539
      2 3540
      4 3541
      4 3542
      2 3543
      7 3545
      4 3546
      2 3547
      3 3548
      1 3549
      3 3550
      1 3553
      1 3554
      3 3555
      1 3556
      2 3557
      1 3558
      2 3559
      1 3560
      2 3561
      4 3562
      4 3563
      4 3565
      1 3567
      1 3568
      1 3569
      1 3570
      3 3572
      1 3573
      3 3574
      3 3577
      1 3578
      3 3579
      4 3580
      3 3582
      2 3583
      4 3584
      3 3585
      1 3586
      2 3587
      6 3588
      1 3590
      5 3591
      3 3592
      1 3593
      1 3594
      3 3595
      1 3596
      4 3597
      1 3599
      8 3600
      1 3601
      2 3602
      4 3603
      3 3604
      1 3605
      2 3607
      3 3610
      4 3614
      3 3615
      2 3616
      3 3617
      1 3618
      7 3619
      2 3620
      3 3621
      2 3622
      4 3623
      2 3625
      1 3626
      2 3627
      2 3628
      4 3629
      1 3630
      3 3632
      2 3633
      2 3634
      2 3635
      1 3636
      4 3637
      2 3638
      1 3639
      2 3640
      3 3641
      1 3642
      1 3643
      1 3644
      2 3645
      2 3646
      3 3647
      1 3648
      1 3649
      1 3651
      2 3653
      1 3654
      4 3656
      1 3657
      3 3658
      4 3659
      2 3660
      1 3661
      1 3662
      3 3663
      1 3664
      2 3665
      1 3666
      1 3667
      2 3668
      3 3669
      2 3670
      1 3671
      1 3672
      1 3673
      1 3674
    215 3676
      3 3677
      2 3681
      2 3682
      4 3683
      2 3684
      2 3685
      1 3686
      1 3689
    247 3690
      5 3692
      3 3695
      2 3696
      4 3697
      2 3698
      1 3703
      2 3706
      1 3707
      3 3708
      1 3710
      2 3711
      1 3712
      1 3713
      9 3714
      4 3716
      2 3717
      1 3719
      1 3720
      1 3721
      2 3722
      1 3723
      3 3724
      2 3725
      1 3728
      2 3729
      2 3730
      6 3731
      1 3732
      2 3735
      1 3737
      4 3739
      1 3740
      2 3742
      1 3743
      2 3744
      1 3745
     31 3746
      2 3747
      1 3749
      2 3751
      1 3752
      5 3753
      3 3754
      6 3755
      2 3757
      1 3759
      1 3763
      2 3765
      2 3766
      1 3767
      1 3768
      3 3769
      1 3770
      2 3771
      1 3772
      2 3773
      2 3774
    245 3775
      5 3776
      4 3777
      1 3778
      2 3779
      1 3780
      4 3781
      1 3783
      2 3785
      2 3786
      1 3787
      1 3790
      2 3793
      2 3795
      4 3796
      5 3798
      1 3799
      2 3800
      2 3801
      2 3802
      1 3803
      1 3805
      1 3806
      2 3807
      1 3808
      2 3809
      2 3810
      3 3814
      1 3815
      1 3816
      2 3818
      1 3819
      2 3822
      1 3823
      1 3824
      2 3825
      3 3826
      2 3827
      1 3831
      3 3832
      4 3834
      3 3836
      1 3837
      3 3838
      3 3841
      3 3842
      1 3843
      1 3844
      1 3845
      1 3846
      1 3847
      2 3848
      2 3849
      2 3850
      1 3852
      3 3855
      1 3856
      2 3857
      2 3858
      2 3859
      3 3862
      2 3865
      1 3868
      1 3871
      2 3872
      3 3873
      5 3874
      3 3875
      2 3876
      7 3877
      2 3878
      3 3879
      1 3882
      1 3883
      1 3884
      1 3885
      3 3886
      2 3887
    247 3888
      4 3890
      4 3891
      2 3893
      5 3894
      2 3895
      1 3896
      1 3897
      2 3898
      1 3899
      1 3900
      1 3901
      2 3902
      2 3903
      1 3905
      2 3906
      4 3907
      1 3908
    245 3909
      1 3910
      1 3911
      1 3912
      2 3914
      2 3915
      2 3916
      1 3917
      3 3918
      2 3919
      1 3920
      3 3921
      3 3923
      1 3924
      1 3925
      2 3926
      1 3928
      2 3929
      3 3932
      1 3934
      4 3935
      1 3936
      2 3937
      2 3938
      1 3939
      1 3940
      2 3942
      3 3943
      6 3944
      2 3945
      5 3946
      6 3947
      1 3948
      4 3949
      1 3950
      2 3952
      3 3953
      2 3954
      3 3955
      2 3956
      1 3957
      1 3959
      2 3960
      2 3961
      1 3962
      1 3963
      1 3964
      1 3965
      1 3966
      2 3968
      2 3969
      3 3970
      1 3971
      1 3972
      4 3973
      1 3974
      1 3975
      2 3976
      1 3978
      1 3980
      4 3981
      1 3982
      7 3983
      2 3984
      2 3985
      2 3987
      2 3988
      3 3989
      1 3991
      1 3994
      1 3996
      4 4001
      1 4003
      2 4004
      1 4007
      1 4008
      1 4010
      2 4011
      2 4012
      2 4013
      3 4014
      1 4015
      3 4016
      4 4018
      1 4019
      1 4020
      2 4021
      2 4022
      2 4023
      1 4024
      1 4025
      1 4027
      1 4029
      2 4030
      3 4031
      2 4033
      1 4034
      2 4035
      1 4036
      2 4037
      1 4038
      4 4039
      1 4040
      2 4041
      2 4043
      3 4044
      4 4045
      2 4047
      1 4048
      2 4049
      2 4051
      3 4052
      2 4053
      1 4054
      2 4055
      2 4056
      5 4057
      1 4060
      1 4063
      2 4065
      3 4067
      6 4068
      1 4069
      3 4070
      1 4071
      1 4072
      1 4074
      2 4075
      3 4076
      2 4077
      1 4079
      2 4082
      1 4084
      2 4085
      1 4086
      1 4087
      1 4088
      1 4089
      2 4090
      1 4091
      1 4092
      3 4093
      2 4094
      5 4095
      2 4096
      6 4097
      4 4098
      1 4099
      1 4101
      1 4102
      2 4103
      5 4105
      1 4106
      3 4107
      2 4108
      2 4110
      1 4111
      4 4112
      3 4113
      2 4114
      2 4115
      5 4116
      1 4117
      2 4118
      1 4119
      1 4120
      1 4121
      1 4122
      1 4125
      1 4127
      1 4128
      1 4129
      2 4130
      1 4134
      2 4143
      1 4145
      3 4146
      3 4147
      2 4148
      2 4149
      3 4151
      3 4152
      1 4153
      1 4154
      1 4157
      1 4158
      1 4160
      1 4163
      2 4166
      2 4167
      2 4169
      5 4170
      1 4172
      6 4173
      1 4174
      2 4175
      1 4176
      4 4177
      6 4178
      4 4179
      2 4180
      3 4181
      1 4182
      2 4183
      1 4186
      1 4188
      4 4189
      1 4190
      2 4191
      1 4192
      4 4193
      1 4195
      1 4197
      1 4198
      2 4200
      2 4204
      4 4205
      1 4207
      2 4208
      4 4209
      1 4210
      2 4211
      3 4214
      2 4215
      1 4216
      1 4217
      1 4219
      1 4220
      2 4222
      2 4223
      2 4225
      1 4226
      1 4230
      1 4235
      2 4239
      1 4240
      2 4241
      2 4242
      2 4243
      1 4244
      1 4245
      3 4246
      2 4247
      1 4249
      1 4250
      1 4252
      1 4253
      1 4260
      1 4261
      2 4262
      1 4263
      1 4266
      1 4268
      2 4269
      1 4271
      4 4272
      1 4273
      1 4277
      1 4281
      3 4284
      2 4286
      1 4287
      1 4291
      2 4297
      3 4298
      2 4299
      1 4300
      2 4301
      1 4302
      1 4306
      1 4307
      1 4308
      1 4310
      2 4311
      2 4312
      3 4313
      1 4315
    226 4316
      1 4317
      1 4318
      1 4323
      1 4324
      1 4327
      3 4329
      1 4331
      2 4333
      1 4335
      3 4336
      2 4338
      2 4339
      1 4340
      1 4342
      1 4343
      1 4344
      2 4345
      1 4348
      1 4349
      1 4350
      1 4351
      1 4352
      1 4358
      1 4361
      1 4362
      1 4364
      1 4366
      3 4369
      1 4370
      1 4371
      1 4372
      2 4373
      1 4374
      1 4375
      2 4376
      1 4377
      6 4380
      1 4381
      2 4385
      1 4388
      2 4390
      1 4391
      2 4392
      1 4393
      1 4394
      1 4396
      2 4397
      1 4398
      1 4402
      1 4403
      4 4404
      1 4405
      2 4406
      2 4407
      1 4408
      4 4409
      1 4410
      1 4413
      1 4416
      3 4420
      1 4423
      1 4425
      2 4426
      2 4427
      3 4428
      1 4429
      1 4432
      1 4434
      6 4435
      1 4436
      1 4437
      2 4439
      1 4440
      1 4441
      1 4442
     24 4443
      1 4445
      1 4447
      2 4448
      1 4450
      1 4452
      1 4453
      2 4454
      3 4455
      2 4462
      1 4463
      1 4465
      1 4470
      1 4473
      1 4474
      1 4475
      1 4485
      3 4490
      7 4491
      1 4492
      1 4494
      1 4496
      1 4500
      1 4501
      1 4506
      1 4508
      1 4509
      1 4510
      1 4514
      1 4515
      1 4516
      1 4519
      1 4520
      3 4523
      1 4532
      1 4533
      2 4536
      1 4538
    245 4539
      1 4540
     16 4542
      1 4543
      1 4545
      1 4546
      1 4551
      1 4552
      1 4554
      2 4555
      2 4556
      2 4557
      2 4560
      1 4561
      3 4562
      1 4563
      1 4565
      1 4567
      1 4568
      1 4569
      1 4571
      3 4572
      3 4574
      2 4575
      2 4577
      1 4582
      3 4584
      2 4590
      1 4592
      1 4595
      1 4599
      1 4600
      3 4602
      1 4603
      1 4605
      1 4606
      1 4608
      1 4609
      1 4611
      1 4612
      2 4613
      2 4616
      1 4621
      1 4622
      2 4624
      1 4625
      1 4626
      1 4628
      1 4632
      3 4635
      1 4636
      3 4637
      2 4638
      1 4645
      1 4648
      1 4649
      1 4650
      2 4652
      4 4656
      4 4657
      1 4658
      1 4659
      3 4660
      1 4661
      3 4662
      1 4663
      2 4666
      1 4672
      1 4674
      1 4676
      1 4688
      1 4689
      7 4690
      2 4699
      1 4703
      1 4714
      3 4715
      1 4716
      2 4717
      1 4725
      1 4726
      1 4730
      1 4732
      1 4734
      1 4739
      1 4743
      1 4746
      2 4747
      3 4749
      2 4750
      3 4752
    227 4753
      2 4754
      2 4756
    244 4763
      1 4767
      1 4768
      2 4781
      1 4783
      1 4784
      3 4793
      7 4797
      2 4799
      1 4800
      1 4804
      1 4807
      3 4813
      1 4820
      1 4821
      1 4822
      3 4826
      1 4827
      1 4828
      1 4830
      2 4831
      1 4832
      1 4834
      1 4838
      2 4843
      1 4845
      1 4853
      2 4854
      1 4856
      2 4862
      1 4865
      2 4866
      1 4868
      1 4871
      2 4874
      2 4875
      2 4876
      2 4878
      1 4883
      1 4886
      1 4888
    225 4892
      1 4897
      1 4898
      1 4904
      1 4905
      1 4906
      1 4907
      1 4908
      1 4909
      1 4913
      1 4919
      1 4921
      1 4923
      1 4930
      2 4934
      1 4937
      1 4939
      2 4940
      1 4941
      1 4942
      1 4957
      1 4958
      1 4964
      1 4972
      1 4974
      1 4976
      1 4981
      1 4985
      1 4988
      1 4991
      1 4994
      1 4996
      1 4998
      1 5003
      2 5011
      1 5013
      2 5038
      1 5042
      1 5046
      1 5048
      1 5049
      1 5057
      1 5058
      1 5060
      2 5064
      1 5068
      1 5072
      1 5085
      1 5086
      1 5090
     23 5092
      1 5094
      1 5095
      2 5097
      1 5102
      1 5112
      1 5113
      1 5115
      1 5116
      2 5118
      1 5119
      2 5120
      2 5121
      1 5122
      2 5123
      1 5125
      1 5126
      1 5128
      1 5137
      1 5139
      1 5143
      3 5149
     18 5150
      3 5151
      1 5153
      1 5154
      1 5155
      1 5156
      1 5158
      1 5159
      4 5161
      1 5162
      3 5163
      1 5164
      1 5166
      1 5167
      1 5169
      3 5171
      1 5172
      1 5173
      1 5179
      1 5180
      1 5181
      1 5182
      2 5184
      1 5185
      2 5192
      1 5193
      2 5194
      1 5196
      1 5197
      1 5198
      1 5200
      1 5201
      3 5202
      1 5203
      1 5204
      1 5206
      2 5208
      1 5209
      3 5210
      1 5211
      2 5212
      3 5214
      2 5215
      1 5216
      2 5219
      1 5220
      1 5221
      2 5222
      1 5223
      1 5224
      2 5225
      2 5229
      1 5233
      1 5235
      1 5238
      2 5239
      1 5246
      2 5248
      1 5249
      1 5251
      3 5255
      3 5256
      2 5257
      1 5258
      1 5259
      1 5263
      1 5265
      1 5274
      1 5277
      2 5279
      2 5280
      6 5281
      2 5282
      1 5284
      1 5286
      1 5288
      1 5290
      1 5292
      1 5293
      2 5296
      1 5300
      1 5304
      1 5315
      1 5316
      1 5318
    225 5319
      1 5320
      1 5329
      1 5332
      1 5335
    225 5336
      1 5343
      2 5344
      2 5347
      1 5349
      1 5350
      1 5357
      2 5358
      1 5359
      1 5360
      1 5363
      1 5365
      1 5366
      2 5371
      1 5386
      1 5393
      1 5394
      1 5396
      2 5397
      2 5399
      1 5407
      2 5416
      1 5439
      1 5441
      1 5446
      1 5456
      1 5465
      1 5466
      1 5479
      2 5486
      1 5487
      2 5488
      3 5492
      1 5493
      1 5507
      1 5509
      1 5512
      1 5513
      1 5518
      2 5519
      2 5525
      2 5535
      1 5539
      3 5541
      3 5543
      1 5548
    225 5558
      1 5577
      1 5584
      1 5586
      1 5588
      1 5595
      3 5598
      2 5599
      1 5612
      1 5619
      1 5634
      1 5644
      5 5646
      1 5647
      1 5649
      1 5658
      4 5661
      1 5664
      1 5666
      1 5668
      1 5676
      1 5684
      1 5685
      3 5687
      1 5688
      1 5689
      3 5706
      2 5724
      1 5726
      1 5729
      1 5747
      1 5751
      1 5755
      1 5756
      1 5760
      1 5762
      1 5773
      1 5779
      1 5780
      1 5781
      1 5782
      3 5793
      1 5802
      1 5805
      1 5808
      1 5812
      1 5818
      1 5822
      1 5823
      1 5830
      1 5835
      1 5836
      4 5840
      1 5843
      1 5844
      1 5846
      1 5850
      1 5851
      1 5852
      1 5854
      2 5855
      2 5858
      1 5861
      1 5863
      2 5867
      1 5868
      1 5885
      1 5889
    225 5891
      1 5904
      1 5907
      1 5921
      1 5924
      3 5925
      2 5926
      1 5928
    213 5929
      1 5966
      1 5969
      1 5970
      1 5975
      2 5978
      4 5979
      1 5994
      1 5996
      1 6003
      2 6004
      1 6005
      1 6029
      1 6033
      1 6036
      1 6040
      1 6041
      1 6042
      1 6043
      3 6045
      1 6047
      1 6056
      1 6060
      1 6061
    246 6062
      1 6071
      1 6079
      1 6080
      1 6083
      1 6085
      1 6086
      1 6087
      1 6089
      1 6090
      2 6091
      2 6092
      2 6093
      1 6095
      1 6096
      1 6106
      1 6110
      1 6111
      1 6112
      1 6115
      1 6121
      1 6124
      1 6125
      1 6131
      1 6150
      1 6153
      3 6163
      1 6169
      1 6172
      1 6173
      1 6174
      1 6175
      1 6181
      1 6184
      1 6190
      1 6198
      1 6200
      1 6202
      1 6207
      2 6210
      1 6211
      1 6230
      1 6231
      4 6234
      1 6237
      2 6238
      2 6254
      3 6260
      1 6274
      1 6285
      1 6287
      1 6296
      1 6304
      5 6308
      1 6310
      1 6317
      1 6326
      1 6327
      1 6328
      2 6349
      1 6363
      1 6383
      2 6384
      2 6385
      1 6386
      1 6399
      1 6401
      1 6404
      1 6407
      1 6411
      2 6416
      1 6433
      1 6435
      1 6437
      1 6458
      1 6464
      1 6465
      1 6469
      1 6471
      1 6484
      1 6488
      1 6489
      3 6492
      2 6493
      1 6497
      1 6503
      1 6505
      1 6506
      1 6507
      1 6509
      1 6514
      1 6515
      1 6517
      3 6519
      2 6520
      4 6524
      1 6526
      4 6529
      1 6530
      2 6531
      1 6541
      1 6543
      1 6551
      1 6557
      1 6559
      1 6561
      1 6562
      1 6563
      1 6568
      2 6581
      1 6582
      1 6586
      1 6588
      4 6589
    244 6601
      1 6621
      1 6630
      3 6633
      1 6642
      1 6643
      1 6644
      1 6646
      1 6647
      2 6654
      1 6664
      2 6682
      1 6684
      2 6686
      1 6692
      4 6744
      2 6746
      1 6747
      1 6750
      1 6754
      1 6767
      1 6785
      2 6788
      1 6798
      3 6800
      1 6809
      1 6810
      1 6826
      1 6829
      2 6830
      1 6838
      4 6853
      1 6857
      1 6859
      1 6868
      2 6871
      1 6873
      1 6878
      1 6887
      1 6893
      1 6895
      1 6896
      1 6897
      2 6901
      1 6902
      2 6916
      1 6919
      1 6927
    229 6932
      3 6956
      2 6957
      1 6970
      1 6972
      1 6975
      1 6979
      2 6981
      1 6982
      1 6994
      1 7000
    211 7012
      1 7018
      1 7019
      1 7022
      1 7025
     32 7045
    245 7077
      1 7111
      1 7117
      1 7133
      2 7148
      1 7154
    227 7162
      1 7163
      1 7175
      2 7176
      1 7178
      2 7180
      1 7181
      1 7186
      1 7187
    246 7196
      1 7207
      1 7208
      1 7210
      2 7228
      1 7229
    213 7233
      1 7261
      2 7264
      1 7266
      6 7279
    247 7280
      1 7297
      1 7300
      1 7303
    246 7321
      2 7328
      1 7329
      1 7331
      1 7381
      3 7393
      2 7420
    225 7422
      1 7427
      2 7447
      1 7458
      1 7467
      1 7474
      2 7476
      1 7477
      1 7478
      1 7481
      1 7489
      1 7492
      1 7495
      1 7499
      1 7500
      2 7501
      1 7502
      3 7503
      1 7508
      1 7547
      1 7551
      2 7553
      1 7565
      1 7569
      1 7587
      1 7591
      1 7592
      1 7593
      2 7595
      4 7596
      1 7611
      1 7645
     15 7673
      1 7708
      1 7717
      1 7725
      1 7727
      1 7739
      1 7744
      1 7753
      1 7766
     18 7767
      2 7771
      1 7773
      2 7775
      1 7777
      2 7780
      1 7784
      1 7791
      1 7805
      3 7807
      1 7811
      1 7844
      1 7882
      1 7897
      2 7923
    235 7940
      1 7968
      1 7971
      1 7994
      1 8004
      1 8055
      1 8070
      1 8076
      1 8102
      1 8115
      1 8155
    213 8173
    247 8325
      2 8338
      1 8375
      1 8376
      1 8377
      1 8378
      1 8379
      1 8412
     20 8496
      2 8523
      1 8536
      1 8576
      1 8641
     24 8684
      1 8703
      1 8720
    213 8737
      1 8746
      1 8748
      3 8760
    225 8766
      1 8769
      1 8773
      2 8812
      1 8814
      1 8815
      1 8845
      1 8848
      1 8868
      1 8889
      1 8890
      2 8892
      1 8894
      3 8951
      2 8952
      2 8963
      1 8964
      1 8965
      1 8966
      2 8974
      1 8975
      1 8976
      1 8977
      1 8988
      1 8989
      1 8991
      2 8996
      1 9001
      1 9003
      1 9017
      2 9018
      1 9037
      1 9068
      1 9080
      4 9086
      1 9100
      1 9116
      1 9121
      1 9122
      1 9123
      1 9124
      2 9135
      1 9139
      2 9146
      1 9149
      1 9150
      2 9161
    245 9178
    235 9198
      1 9202
      1 9203
      1 9204
      2 9210
      1 9219
      1 9244
      1 9269
      1 9284
      1 9289
      1 9292
      1 9293
      1 9294
      1 9295
    213 9311
      1 9318
      2 9320
      1 9325
      1 9329
      1 9331
      1 9342
      3 9360
      1 9363
      1 9373
      1 9377
      1 9378
      1 9380
      1 9381
      1 9401
      1 9417
      1 9418
      1 9420
      1 9421
      2 9423
      1 9449
      2 9468
      3 9469
      1 9471
      1 9473
      2 9474
      3 9489
      2 9490
      3 9506
      2 9509
      1 9524
      1 9541
      2 9597
      1 9603
      1 9613
      1 9627
      1 9628
      1 9640
      1 9654
      2 9656
      1 9662
      1 9663
      1 9670
      1 9679
      1 9682
      1 9693
      1 9696
      1 9701
      1 9702
      1 9704
      1 9713
      1 9733
      1 9735
      1 9737
      2 9738
      4 9782
      2 9783
      4 9784
      2 9785
      1 9817
      1 9819
      1 9909
      1 9933
      1 9935
      1 9941
    244 10044
    240 10073
      1 10083
      4 10220
      1 10236
    242 10261
    234 10272
      1 10287
      1 10321
    245 10389
      5 10406
      1 10418
      1 10468
      1 10469
      1 10471
      1 10524
      1 10526
      1 10527
      1 10529
      1 10530
      1 10534
      1 10536
      1 10540
      2 10545
      1 10554
      1 10568
      1 10572
      1 10578
      1 10579
      1 10580
      1 10590
      1 10592
      1 10598
      1 10599
      2 10600
      1 10606
      1 10608
      1 10610
      1 10620
      2 10622
      1 10626
      1 10633
      2 10634
      1 10635
      1 10646
      1 10653
      1 10657
      1 10658
      1 10660
      1 10666
      1 10672
      2 10676
      1 10684
      1 10688
      1 10689
      1 10692
      1 10714
      1 10716
      1 10720
      1 10726
      2 10730
      2 10738
      3 10745
      2 10746
      1 10747
      1 10751
      1 10761
      1 10762
      2 10770
      1 10784
      1 10787
      1 10799
      2 10800
      1 10802
      1 10805
      1 10815
      1 10816
      1 10824
      1 10829
      1 10831
      1 10840
      2 10848
      1 10856
      1 10862
      3 10864
      3 10869
      1 10870
      1 10874
      1 10879
      1 10883
      1 10885
      1 10891
      1 10894
      2 10902
      1 10905
      1 10906
      1 10914
      1 10915
      2 10916
      1 10924
      1 10925
      2 10928
      1 10933
      1 10934
      1 10935
      1 10945
      1 10958
      1 10959
      1 10960
      1 10962
      1 10968
      2 10969
      1 10970
      1 10978
      1 10982
      2 10986
      1 10988
      1 10991
      1 10994
      1 11008
      1 11009
      1 11011
      2 11012
      2 11014
      1 11022
      1 11023
      1 11026
      1 11029
      1 11032
      1 11033
      1 11039
      1 11040
      1 11048
      1 11056
      1 11061
      1 11063
      1 11065
      1 11070
      1 11076
      1 11078
      1 11084
      1 11085
      1 11087
      1 11089
      1 11090
      1 11094
      1 11107
      2 11108
      1 11109
      1 11110
      1 11115
      2 11120
      2 11122
      2 11124
      1 11126
      1 11130
      1 11133
      1 11143
      1 11146
      1 11148
      1 11149
      1 11162
      2 11165
      2 11170
      1 11171
      1 11172
      1 11173
      2 11174
      1 11175
      1 11176
      1 11177
      2 11178
      1 11182
      1 11183
      1 11185
      1 11188
      1 11189
      2 11190
      1 11197
      1 11200
      2 11202
      1 11203
      1 11205
      1 11207
      2 11209
      1 11214
      2 11219
      1 11220
      1 11225
      1 11226
      1 11228
      2 11229
      2 11230
      1 11232
      1 11234
      2 11237
      3 11238
      1 11239
      2 11244
      1 11257
      1 11259
      2 11260
      1 11263
      2 11270
      1 11274
      1 11277
      1 11278
      4 11282
      1 11284
      1 11286
      1 11289
      1 11294
      1 11298
      1 11299
      3 11300
      1 11302
      2 11303
      1 11304
      1 11305
      1 11306
      1 11307
      1 11313
      2 11314
      2 11315
      1 11316
      2 11318
      2 11321
      1 11322
      2 11324
      2 11325
      1 11329
      3 11332
      2 11333
      1 11336
      2 11338
      2 11341
      2 11342
      1 11343
      1 11345
      1 11346
      1 11347
      1 11349
      1 11350
      2 11351
      1 11352
      1 11353
      1 11356
      1 11357
      1 11362
      1 11365
      1 11367
      1 11368
      2 11369
      3 11370
      2 11371
      2 11372
      1 11375
    225 11376
      1 11378
      2 11381
      3 11383
      3 11384
      3 11385
      1 11387
      2 11388
      2 11389
      1 11392
      2 11394
      2 11395
      1 11396
      1 11399
      1 11400
      1 11401
      2 11402
      1 11404
      1 11406
      1 11408
      1 11409
      1 11410
      2 11412
      5 11413
      1 11414
      1 11416
      1 11417
      2 11418
      2 11419
      2 11422
      2 11424
      2 11425
      2 11426
      1 11428
      1 11429
      2 11430
      1 11431
      2 11432
      1 11433
      1 11434
      1 11436
      2 11437
      2 11438
      2 11439
      2 11441
      1 11442
      1 11444
      2 11445
      1 11446
      1 11448
      2 11450
      4 11451
      1 11452
      2 11454
      1 11455
      1 11459
      1 11460
      2 11462
      2 11463
      1 11466
      1 11467
      1 11468
      3 11469
      2 11470
      2 11473
      1 11476
      1 11477
      1 11479
      1 11480
      1 11481
      2 11482
      2 11483
      2 11486
      1 11487
      2 11488
      2 11489
      1 11491
      2 11492
      1 11493
      1 11494
      4 11495
      2 11496
      1 11497
      1 11498
      2 11499
      2 11500
      2 11501
      1 11504
      1 11505
      2 11507
      2 11508
      1 11509
      2 11511
      2 11512
      1 11513
      1 11514
      2 11515
      4 11516
      1 11517
      2 11520
      2 11521
      2 11523
      3 11524
      2 11525
      2 11527
      3 11529
      2 11530
      2 11531
      4 11532
      4 11533
      1 11534
      3 11536
      1 11537
      2 11539
      4 11540
      1 11541
      1 11542
      2 11543
      3 11546
      1 11547
      4 11548
      2 11549
      2 11552
      1 11553
      1 11555
      1 11556
      1 11557
      2 11558
      1 11559
      4 11561
      4 11562
      2 11563
      1 11564
      2 11565
      2 11566
      2 11567
      2 11568
      1 11569
      1 11572
      1 11573
      2 11575
      2 11577
      2 11578
      1 11579
      4 11580
      2 11581
      1 11582
      1 11583
      2 11584
      2 11586
      2 11587
      3 11590
      2 11591
      1 11593
      3 11594
      1 11596
      1 11598
      2 11599
      1 11600
      4 11601
      1 11602
      2 11603
      1 11604
      1 11606
      3 11607
      2 11608
      1 11609
      2 11610
      2 11612
      3 11615
      2 11616
      1 11617
      4 11618
      2 11619
      3 11620
      1 11621
      1 11623
      3 11624
      1 11625
      2 11626
      3 11627
      2 11628
      1 11629
      1 11630
      3 11632
      1 11635
      1 11637
      1 11638
      1 11639
      2 11640
      3 11641
      1 11643
      2 11644
      1 11645
      2 11646
      3 11647
      3 11648
      4 11649
      1 11650
      1 11651
      2 11652
      1 11653
      1 11655
      2 11656
      2 11657
      2 11658
      2 11659
      1 11660
      3 11661
      3 11662
      3 11664
      3 11665
      1 11666
      2 11667
      2 11668
      2 11669
      1 11670
      2 11671
      2 11674
      1 11675
      4 11676
      2 11678
      1 11679
      6 11680
      2 11681
      3 11683
      6 11684
      5 11685
      2 11686
      3 11687
      3 11688
      1 11690
      1 11691
      1 11692
      8 11693
      2 11694
      3 11695
      1 11696
      1 11697
      1 11698
      1 11700
      2 11702
      3 11703
      2 11704
      1 11705
      1 11706
      3 11707
      2 11708
      2 11711
      4 11712
      4 11713
      1 11714
      1 11715
      1 11716
      1 11717
      3 11719
      1 11721
      4 11722
      1 11723
      2 11724
      3 11725
      2 11726
      2 11728
      1 11730
      4 11731
      5 11732
      1 11733
      1 11736
      2 11737
      1 11738
      5 11739
      2 11740
      1 11743
      5 11744
      1 11745
      3 11747
      2 11748
      2 11750
      3 11751
      2 11752
      2 11753
      1 11755
      1 11756
      1 11757
      3 11759
      3 11760
      1 11761
      3 11763
      2 11764
      1 11765
      1 11766
      2 11767
      3 11769
      2 11772
      2 11773
      1 11774
      2 11775
      1 11776
      2 11779
      1 11780
      1 11782
      1 11783
      1 11785
      3 11786
      1 11787
      1 11789
      1 11790
      1 11791
      2 11792
      1 11793
      1 11794
      1 11795
      1 11798
      2 11803
      1 11807
      1 11809
      2 11810
      3 11811
      2 11812
      2 11814
      2 11816
      1 11817
      2 11818
      2 11819
      1 11820
      2 11821
      2 11822
      2 11823
      1 11826
      1 11827
      1 11829
      1 11830
      1 11831
      1 11832
      1 11833
      2 11835
      3 11836
      1 11837
      3 11839
      2 11840
      3 11842
      1 11844
      1 11845
      1 11846
      1 11848
      2 11849
      1 11850
      2 11854
      2 11855
      2 11856
      1 11857
      2 11858
      1 11859
      1 11861
      1 11863
      1 11866
      3 11867
      1 11868
      2 11870
      1 11872
      3 11873
      1 11877
      3 11878
      1 11881
      1 11882
      1 11883
      1 11884
      1 11885
      3 11886
      2 11887
      1 11890
      1 11892
      1 11893
      1 11894
      1 11895
      2 11898
      2 11899
      1 11901
      1 11902
      2 11905
      2 11906
      3 11911
      3 11915
      2 11917
      3 11918
      1 11919
      2 11921
      5 11924
      1 11925
      1 11926
      2 11927
      3 11928
      1 11929
      1 11931
      1 11933
      1 11934
      3 11935
      3 11936
      1 11937
      1 11940
      1 11941
      3 11943
      2 11944
      1 11945
      1 11946
      1 11948
      1 11949
      1 11950
      1 11951
      2 11953
      2 11955
      1 11958
      1 11959
      1 11960
      1 11961
      4 11962
      2 11963
      3 11964
      3 11965
      1 11966
      2 11968
      1 11969
      1 11974
      1 11975
      1 11976
      1 11978
      1 11979
      3 11981
      4 11982
      1 11983
      1 11984
      3 11987
      2 11988
      1 11990
      1 11991
      3 11993
      3 11994
      2 11995
      1 11998
      1 11999
      1 12000
      2 12001
      2 12002
      3 12006
      2 12007
      1 12010
      1 12014
      1 12016
      1 12019
      1 12021
      2 12022
      1 12023
      2 12024
      2 12025
      1 12026
      1 12027
      3 12028
      1 12030
      1 12031
      1 12032
      2 12035
      1 12036
      1 12038
      2 12040
      1 12041
      1 12043
      1 12044
      1 12045
      1 12046
      1 12048
      1 12049
      1 12050
      1 12051
      1 12052
      1 12054
      1 12056
      1 12057
      1 12059
      3 12060
      2 12061
      1 12063
      1 12066
      1 12068
      1 12069
      1 12070
      1 12073
      1 12079
      1 12083
      1 12087
      1 12089
      1 12090
      1 12091
      1 12092
      1 12094
      1 12095
      1 12097
      1 12098
      1 12099
      1 12101
      1 12102
      1 12106
      1 12107
      1 12110
      1 12112
      1 12113
      1 12116
      1 12118
      2 12120
      1 12122
      2 12123
      1 12125
      1 12127
      1 12129
      1 12130
      1 12135
      1 12139
      2 12140
      1 12142
      1 12147
      1 12148
      1 12149
      1 12150
      1 12151
      1 12155
      1 12158
      1 12161
      1 12164
    226 12165
      1 12167
      1 12169
      1 12172
      1 12173
      1 12181
      1 12186
      2 12187
      1 12188
      1 12189
      2 12191
      1 12193
      4 12194
      1 12210
      1 12211
      1 12215
      1 12216
      1 12217
      2 12219
      2 12220
      2 12223
      1 12226
      1 12237
      2 12238
      2 12239
      1 12240
    243 12241
      1 12242
      1 12243
      1 12245
      1 12247
      1 12249
      2 12251
      1 12252
      1 12253
      2 12257
      1 12258
      1 12260
      2 12262
      1 12266
      1 12267
      1 12269
      2 12270
      1 12271
      1 12282
      1 12285
    240 12286
      1 12287
      3 12289
      1 12290
      1 12295
      2 12304
      1 12306
      2 12308
      1 12309
      1 12311
      1 12313
      1 12314
      2 12315
      1 12318
      1 12321
      1 12323
    244 12324
      1 12328
      3 12332
      3 12333
      1 12336
      2 12337
      1 12338
      1 12347
      3 12351
      2 12352
      1 12353
      1 12354
      1 12355
      1 12357
      1 12361
      1 12371
      1 12374
      1 12375
      1 12377
      1 12379
      1 12380
      2 12381
      2 12385
      1 12386
      1 12389
      1 12390
      2 12392
      1 12398
      1 12399
      1 12403
      1 12404
      1 12405
      1 12409
      2 12417
      2 12418
      1 12423
      2 12424
      1 12429
      1 12431
      1 12433
      1 12435
      2 12436
      1 12437
      1 12438
      1 12439
      1 12443
      2 12446
      1 12452
      1 12453
      2 12455
      1 12456
      1 12457
      2 12461
      1 12462
      2 12463
      2 12464
      1 12470
      1 12471
      1 12472
      1 12480
      1 12481
      1 12482
      1 12484
      1 12489
      2 12490
      2 12499
      1 12500
      1 12501
      1 12502
      1 12508
      1 12509
      1 12510
      1 12512
      1 12513
      3 12517
      1 12518
      1 12520
      1 12524
      1 12525
      1 12527
      2 12528
      1 12530
      1 12537
      1 12538
      1 12542
      1 12545
      1 12547
      1 12556
      1 12564
      1 12570
      1 12573
      1 12574
      2 12575
      1 12576
      2 12577
      2 12579
      2 12580
      3 12582
      4 12583
      2 12584
      1 12586
      1 12587
      2 12588
      2 12589
      2 12590
      1 12591
      1 12594
      1 12595
      1 12596
      1 12597
      2 12599
      2 12600
      1 12601
      1 12602
      1 12603
      2 12604
      1 12605
      2 12606
      4 12607
      3 12608
      1 12609
      2 12612
      1 12613
      1 12614
      2 12615
      2 12616
      3 12617
      1 12618
      1 12619
      1 12620
      1 12621
      3 12624
      1 12625
      2 12626
      1 12627
      1 12632
      2 12633
      1 12634
      2 12640
      1 12641
      1 12642
      1 12644
      3 12645
      3 12646
      1 12647
      4 12648
      1 12649
      2 12652
      3 12653
      1 12654
      1 12655
      1 12656
      2 12659
      1 12661
      3 12662
      1 12663
      2 12666
      1 12667
      2 12669
      1 12670
      1 12671
      3 12672
      1 12673
      2 12674
      3 12675
      1 12677
      1 12679
      1 12680
      4 12681
      3 12682
      2 12683
      1 12684
      3 12686
      1 12688
      2 12690
      2 12691
      1 12692
      1 12694
      1 12695
      3 12699
      1 12700
      2 12701
      2 12704
      1 12707
      1 12708
      1 12709
      2 12710
      2 12713
      1 12715
      2 12717
      1 12718
      3 12719
      2 12720
      1 12721
      2 12724
      1 12726
      1 12727
      1 12728
      1 12729
      2 12730
      1 12732
      2 12733
      1 12734
      1 12737
      1 12741
      1 12744
      2 12745
      1 12746
      2 12747
      3 12748
      1 12749
      1 12750
      1 12752
      1 12753
      1 12758
      1 12759
      1 12761
      2 12762
      1 12765
      1 12766
      1 12767
      1 12768
      2 12769
      2 12771
      1 12773
      2 12774
      3 12775
      1 12776
      2 12778
      1 12779
      1 12782
      1 12784
      1 12786
      2 12787
      2 12788
      1 12790
      1 12791
      2 12792
      1 12794
      2 12795
      1 12796
      2 12799
      1 12801
      1 12803
      2 12804
      1 12805
      1 12807
      1 12808
      1 12811
      1 12812
      2 12813
      2 12816
      1 12817
      1 12819
      1 12822
      1 12824
      2 12825
      1 12826
      1 12827
      1 12829
      1 12831
      2 12832
      1 12833
      2 12834
      1 12838
      2 12840
      1 12841
      1 12842
      1 12843
      1 12844
      2 12845
      1 12846
      3 12849
      1 12851
      1 12852
      1 12857
      2 12858
      1 12859
      1 12860
      1 12861
      1 12862
      1 12863
      1 12867
      2 12869
      1 12870
      1 12874
      1 12876
      1 12877
      2 12878
      1 12881
      1 12887
      1 12891
      1 12892
      1 12895
      2 12896
      1 12897
      1 12898
      1 12902
      1 12903
      1 12905
      1 12906
      1 12907
      1 12909
      1 12910
      2 12915
      2 12916
      1 12924
      2 12926
      1 12927
      1 12934
      2 12935
      1 12936
      1 12939
      1 12943
      2 12944
      1 12945
      1 12946
      1 12952
      1 12953
      1 12954
      1 12963
      1 12971
      2 12972
      2 12973
      1 12974
      1 12976
      1 12977
      1 12981
    232 12983
      1 12984
      3 12990
      1 13001
      1 13002
      1 13009
      1 13010
      1 13015
      2 13034
      1 13035
      2 13038
      1 13039
      1 13041
      1 13042
      1 13047
      1 13048
      1 13053
      1 13058
      1 13059
      1 13066
      2 13067
      1 13068
      1 13076
      1 13077
      1 13084
      1 13085
      1 13086
      1 13088
      1 13091
      1 13093
      1 13097
      1 13101
      2 13104
      2 13105
      1 13106
      1 13108
      1 13111
      1 13116
      1 13117
      1 13118
      1 13121
      2 13123
      1 13129
      1 13130
      1 13133
      1 13134
      1 13135
      7 13140
      1 13148
      1 13151
      1 13154
      2 13155
      1 13158
      1 13164
      1 13167
      1 13169
      1 13173
      1 13175
      2 13176
      1 13180
      1 13182
      3 13183
      1 13184
      1 13189
      2 13193
      1 13196
      1 13200
      1 13201
      2 13202
      1 13206
      1 13208
      1 13209
      1 13211
      1 13218
      1 13220
      1 13221
      1 13222
      1 13227
    244 13239
      1 13240
      1 13246
      1 13247
      1 13250
      1 13251
      1 13267
      1 13268
      1 13275
      1 13293
      1 13296
      1 13309
      1 13313
      1 13316
      4 13320
      1 13321
      1 13322
      1 13325
      1 13329
      1 13332
      1 13333
      1 13338
      1 13341
      1 13342
      2 13347
      1 13348
      2 13349
      1 13351
      1 13354
      1 13357
      2 13358
      1 13360
      1 13361
      2 13367
      1 13369
      1 13372
      1 13375
      1 13376
      2 13378
      1 13379
      1 13380
      1 13382
      1 13385
      1 13386
      1 13387
      1 13391
      2 13395
      2 13396
      1 13397
      2 13399
      2 13402
      1 13405
      1 13408
      1 13410
      1 13411
      1 13416
      1 13420
      1 13423
      2 13424
      1 13425
      1 13429
      1 13430
      1 13438
      2 13448
      2 13449
      1 13453
      1 13472
      1 13474
      1 13476
      1 13477
      2 13481
      1 13485
      2 13488
      2 13492
      1 13494
      1 13495
      1 13498
      1 13501
      1 13505
      2 13506
      1 13507
      1 13510
      1 13511
      1 13512
      2 13513
      2 13514
      1 13516
      1 13519
      2 13520
      1 13521
      1 13523
      2 13530
      1 13531
      1 13532
      1 13538
      3 13539
      1 13540
      1 13544
      1 13545
      1 13548
      1 13549
      1 13550
      1 13551
      1 13552
      1 13554
      2 13557
      2 13558
      1 13559
      1 13563
      1 13573
      1 13574
      1 13576
      2 13577
      1 13578
      1 13580
      1 13582
      1 13583
      1 13587
      1 13592
      1 13601
      1 13605
      1 13606
      1 13620
      1 13621
      1 13626
      1 13649
      1 13653
      1 13668
      3 13684
      2 13686
      1 13688
      1 13691
      1 13697
      1 13708
      2 13711
      1 13715
      1 13716
      1 13717
      1 13718
      1 13723
      1 13724
      2 13726
      1 13730
      1 13733
      2 13735
      1 13739
      1 13743
      1 13744
      1 13748
      1 13749
      1 13750
      1 13752
      1 13753
      1 13754
      2 13755
      1 13757
      1 13758
      1 13759
      1 13762
      1 13768
      6 13772
      1 13777
      2 13781
      1 13782
      1 13783
      1 13785
      1 13788
      3 13794
      1 13796
      2 13797
      2 13799
      1 13805
      1 13808
      2 13810
      1 13813
      3 13814
      1 13817
      2 13823
      1 13825
      1 13832
      1 13834
      1 13835
      1 13836
      1 13837
      1 13838
      1 13842
      1 13843
      1 13851
      2 13852
      2 13853
      1 13855
      2 13857
      1 13858
      2 13859
      1 13861
      1 13868
      1 13869
      2 13880
      1 13881
      2 13891
      1 13896
      1 13899
      1 13900
      1 13901
      1 13909
      1 13931
      1 13932
      1 13941
      1 14029
    223 14052
      1 14087
      1 14091
      1 14094
      1 14100
      1 14111
      1 14119
      1 14120
      1 14129
      2 14138
      1 14157
      1 14158
      1 14186
    210 14189
      1 14196
      1 14200
      1 14203
      1 14209
      1 14220
      1 14228
      1 14229
      1 14238
      1 14240
      1 14247
      1 14252
      1 14265
      1 14266
      1 14267
      1 14295
      1 14298
      1 14302
      1 14305
      1 14311
      1 14322
      1 14330
      1 14331
      1 14340
      1 14349
      1 14368
      1 14369
      1 14384
      1 14397
      2 14416
      1 14457
      1 14461
      1 14464
      1 14489
      1 14490
      2 14496
      1 14497
      1 14499
      1 14508
      1 14527
      1 14528
      1 14539
      1 14545
      1 14556
      2 14588
      2 14600
      1 14871
      1 15040
      1 15141
      1 15219
      1 15256
      1 15264
      1 15277
      1 15281
      1 15284
      1 15290
      1 15301
      1 15310
      1 15319
      1 15328
      1 15347
      1 15348
      1 15375
      1 15376
    246 15377
      2 15403
      2 15471
      2 15492
      1 15548
      1 15588
      1 15644
      1 15646
      1 15650
      1 15653
      1 15659
      1 15670
      1 15678
      1 15679
      1 15688
      1 15697
      1 15702
      1 15706
      1 15709
      1 15715
      1 15716
      1 15717
    236 15722
      1 15726
      1 15734
      1 15735
      1 15744
      1 15745
      1 15753
      1 15772
      1 15773
      1 15801
    246 15876
      1 15880
      2 15913
      5 15974
    212 16115
      2 16221
      1 16275
      1 16329
      1 16369
      1 16384
      1 16437
      1 16438
      1 16441
      1 16447
      1 16453
      1 16454
      1 16455
      1 16464
      1 16486
      1 16504
      1 16505
      1 16506
      1 16511
      2 16512
      1 16513
      1 16533
      1 16537
      1 16538
      1 16544
      1 16551
      1 16575
      1 16661
      1 16662
      1 16665
      1 16668
      1 16669
      1 16674
      1 16684
      1 16685
      1 16688
      1 16711
      1 16726
      1 16727
      1 16728
      1 16730
      1 16751
      1 16752
      1 16753
      1 16754
      1 16765
      1 16766
      1 16769
    234 16787
      1 16791
      1 16793
      1 16794
      1 16829
      1 16952
      2 16996
      1 16999
      1 17021
      2 17025
      1 17028
      1 17045
      1 17053
      1 17054
      1 17072
      1 17080
      1 17082
      1 17083
      1 17085
      1 17086
      1 17091
      1 17092
      1 17110
      1 17120
      2 17281
      6 17344
      1 17448
      1 17458
      1 17460
      5 17890
      1 18100
      1 18101
      1 18154
      1 18155
      1 18194
      2 18228
      1 18432
      4 18700
      6 18782
      2 18980
      1 19064
      2 19209
      1 19424
      1 19584
      1 19590
      1 19592
      1 19631
      4 19632
      1 19634
      1 19660
      1 19681
      1 19700
      1 19707
      1 19721
      1 19733
      1 19735
      1 19737
      1 19747
      3 19749
      1 19788
      1 19789
      1 19791
      1 19792
      1 19815
      1 19820
      1 19840
      1 19842
      1 19843
      2 19844
      2 19845
      1 19856
      1 19857
      1 19881
      1 19884
      5 19894
      2 19895
      1 19897
      1 19929
      2 20309
      1 20320
      1 20438
      1 20439
      4 20440
      1 20442
      1 20478
      1 20479
      2 20492
      1 20493
      1 20529
      1 20531
      1 20658
      1 20735
      2 21048
      1 21076
      1 21093
      1 21103
      1 21105
      1 21106
      1 21155
      1 21200
      1 21203
      1 21225
      1 21226
      1 21227
      1 21238
      1 21240
      1 21263
      1 21354
      1 21482
      1 21513
      1 21518
      1 21535
      1 21536
      1 21537
      1 21575
      1 21716
      1 21770
      1 22061
      3 22211
      1 22224
      1 22270
      1 22462
      1 22464
      1 22466
      1 22469
      1 22486
      1 22494
      1 22495
      1 22513
      1 22532
      1 22533
      1 22561
      1 23072
      1 23307
      1 23622
      1 23627
      1 23712
      1 23725
      1 23738
      1 23739
      1 23858
      1 23860
      1 23861
      1 23930
      1 24240
      1 24252
      1 24390
      3 24440
      1 24504
      1 26017
      1 26022
      2 26046
      1 26061
      2 26063
      1 26079
      1 26085
      1 26088
      1 26093
      3 26280
    240 26408
      4 26923
      1 27101
      2 27144
      3 27654
      2 28955
      2 28993
      5 29079
      2 29200
      1 29782
      1 29800
      1 29807
      1 29814
      1 29816
      1 29817
      1 29830
      1 29832
      1 29844
      1 29896
      1 29916
      1 29919
      1 29920
      1 29922
      4 29954
      1 29956
      1 29959
      2 29962
      1 29963
      1 29964
      1 30004
      1 30449
      1 30602
      1 30603
      2 30660
      1 30661
      1 30683
      1 30684
      1 30685
      1 30700
      1 30723
      2 31207
      1 31412
      2 31924
      3 32688
      3 32812
      1 33044
      1 33336
      4 33580
      1 33664
      1 33996
      2 35040
      2 35097
    240 35195
      1 35956
      2 36009
      1 36022
      1 36023
      1 36026
      1 36038
      1 36039
      1 36040
      1 36064
      1 36065
      1 36091
      1 36092
      1 36093
      1 36095
      1 36104
      1 36116
      1 36120
      1 36121
      1 36131
      1 36158
      3 36256
      2 36500
      4 36530
      4 36696
      1 37257
      1 37681
      1 37960
      1 38207
      1 38284
      1 38568
      1 38874
      3 39664
      5 39698
      1 39908
      1 40444
    218 40494
      4 40495
      1 40636
      2 41699
      1 41772
      1 42082
      2 42340
      1 42548
      3 42562
      1 42737
      1 42741
      1 42742
      1 42743
      1 42758
      1 42759
      1 42762
      1 42802
      1 42803
      1 42842
      4 43003
      3 43232
      1 43358
      1 43505
      1 43580
      1 43628
      1 44138
      1 44788
      1 44912
      1 45056
      1 45172
      1 45260
      1 45908
      2 46152
      2 46720
      1 47612
      1 49640
      1 49742
      1 49743
      4 49765
      1 49766
      2 49767
      2 49768
      1 49787
      1 49799
      1 49801
      1 49805
      1 49806
      1 49818
      1 49820
      1 49822
      1 49824
      1 49825
      1 49830
      2 49851
      1 49852
      1 49857
      1 49859
      1 49892
      4 49901
      1 50004
      1 50248
      1 50816
      1 51100
      1 51180
      1 51992
      1 52063
      1 52293
      1 52560
      2 53168
      1 53208
      2 53248
      4 53452
      1 53776
      1 53887
      2 54020
      5 54060
   2144 54540
      3 54689
      1 54868
      3 55089
      1 55480
      1 56940
      2 57082
      4 57763
      5 59276
      4 59493
      1 59860
      1 60232
      4 60584
      1 60803
      1 60814
      1 60833
      1 60854
      1 60855
      1 60858
      1 60864
      1 60868
      1 60869
      1 60870
      1 60898
      1 60899
      1 60903
      1 60927
      1 60938
      1 60948
      1 60949
      2 60950
      1 60951
      1 60952
      1 60953
      1 60989
      1 60990
    233 61298
      1 61548
      1 61760
      1 62464
      1 64748
      1 64952
      1 65700
      2 66896
      2 67816
      2 68119
      3 68267
      1 68620
      1 71540
      1 71680
      2 75089
      1 77761
      1 78060
      1 78272
      1 83220
      1 86140
      1 87600
    238 88382
      1 88383
      1 92884
      1 92888
      2 92988
      1 92992
      2 92994
      1 93005
      1 93026
      3 93028
      1 93029
      1 93062
      1 93103
      1 100788
      2 101376
      1 103804
      3 104975
      1 105120
      1 106387
      1 106442
      1 106470
      1 106478
      1 106498
      1 106499
      1 106501
      2 106502
      1 106529
      2 106532
      1 106533
      1 106534
      1 106535
      1 106536
      1 106537
      1 106574
      1 106577
      1 108228
      1 112813
      1 127768
      1 136464
      1 144540
      3 145258
     13 151264
      1 154940
      1 161749
      1 169360
      2 173819
      1 175176
    126 175337
      1 175338
      1 179708
      1 186188
      1 200068
      1 200616
      1 203896
      1 204766
      1 204768
      1 204788
      1 204798
      1 204816
      1 204819
      1 204821
      1 204822
      1 204848
      1 204876
      1 204879
      1 204880
      1 204881
      1 204921
      1 224832
      1 226340
      1 227532
      1 238508
      1 250587
      1 250593
      1 250678
      2 250691
      1 250695
      2 250697
      1 250699
      2 250700
      1 250701
      1 250702
      1 250726
      2 250728
      1 250736
      1 250760
      1 250777
      1 265616
      1 299160
      1 312876
      1 324772
      1 358678
      1 405412
      1 417488
      1 456980
      1 486700
      1 487528
      1 491004
    125 501760
      1 529596
      1 715240
      1 754060
      1 873728
      1 908352
      1 947716
      1 1126224
      1 1210740
      1 1519900
      1 1678824
      1 2007160
      1 2104380
      1 2114640
      1 2131840
      1 2162260
      1 2187080
      1 2192552
      1 2194380
    226 2194619
      3 2194620
      1 2280318
      1 2293136
      1 2500058
      1 4002852
      1 4357454
      1 5097472
      7 5131424
     30 5133876
      1 5133877
     21 5135678
      1 5664648
      1 7248552
      1 7665876
      1 7670332
      1 7847476
      1 11396904
      1 13904636
      1 14584085
      1 16980502
      1 16980503
      1 18815556
      1 18828976
      1 21945520
      1 24418776
      1 89581520
      1 217277339
      1 381709090
      1 621568663
      1 693375640
      1 1167519497
      1 1379963888
