 118608 13
    536 14
    531 15
    566 16
    565 17
    554 18
    582 19
    561 20
    548 21
    597 22
    596 23
    614 24
    615 25
    589 26
    572 27
    623 28
    632 29
    645 30
    602 31
    594 32
    582 33
    631 34
    653 35
    607 36
    611 37
    637 38
    621 39
    608 40
    668 41
    608 42
    629 43
    664 44
    663 45
    673 46
    616 47
    633 48
    643 49
    631 50
    644 51
    666 52
    662 53
    687 54
    627 55
    648 56
    680 57
    675 58
    611 59
    600 60
    677 61
    668 62
    661 63
    653 64
    650 65
    690 66
    696 67
    657 68
    680 69
    678 70
    654 71
    728 72
    686 73
    696 74
    707 75
    706 76
    701 77
    720 78
    749 79
    767 80
    733 81
    709 82
    723 83
    701 84
    753 85
    755 86
    724 87
    736 88
    707 89
    744 90
    683 91
    721 92
    754 93
    718 94
    753 95
    800 96
    786 97
    783 98
    770 99
    752 100
    788 101
    756 102
    809 103
    783 104
    782 105
    813 106
    808 107
    842 108
    833 109
    815 110
    833 111
    797 112
    787 113
    833 114
    811 115
    833 116
    812 117
    786 118
    844 119
    779 120
    788 121
    829 122
    813 123
    821 124
    873 125
    815 126
    793 127
    845 128
    862 129
    844 130
    869 131
    911 132
    904 133
    886 134
    819 135
    887 136
    919 137
    869 138
    895 139
    886 140
    918 141
    891 142
    881 143
    883 144
    958 145
    935 146
    907 147
    917 148
    946 149
    907 150
    913 151
    938 152
    945 153
    947 154
    896 155
    899 156
    943 157
    905 158
    923 159
    947 160
    912 161
    996 162
    990 163
    970 164
    960 165
    956 166
    972 167
    976 168
    933 169
   1010 170
    979 171
    992 172
   1039 173
    965 174
   1021 175
    986 176
   1058 177
   1013 178
   1009 179
   1026 180
   1036 181
   1062 182
   1002 183
   1018 184
   1056 185
   1060 186
   1057 187
   1052 188
   1023 189
   1039 190
    972 191
   1062 192
   1115 193
   1096 194
   1070 195
   1069 196
   1095 197
   1054 198
   1094 199
   1094 200
   1011 201
   1108 202
   1116 203
   1120 204
   1094 205
   1109 206
   1051 207
   1113 208
   1118 209
   1101 210
   1161 211
   1139 212
   1177 213
   1100 214
   1165 215
   1089 216
   1114 217
   1212 218
   1192 219
   1221 220
   1125 221
   1114 222
   1184 223
   1179 224
   1125 225
   1177 226
   1253 227
   1198 228
   1235 229
   1196 230
   1237 231
   1171 232
   1196 233
   1123 234
   1224 235
   1229 236
   1207 237
   1221 238
   1191 239
   1199 240
   1246 241
   1258 242
   1259 243
   1233 244
   1272 245
   1296 246
   1270 247
   1304 248
   1280 249
   1260 250
   1264 251
   1254 252
   1308 253
   1247 254
   1299 255
   1282 256
   1270 257
   1349 258
   1325 259
   1281 260
   1324 261
   1282 262
   1350 263
   1309 264
   1269 265
   1248 266
   1292 267
   1311 268
   1392 269
   1359 270
   1351 271
   1344 272
   1335 273
   1343 274
   1425 275
   1403 276
   1367 277
   1417 278
   1350 279
   1375 280
   1431 281
   1424 282
   1413 283
   1338 284
   1383 285
   1397 286
   1416 287
   1403 288
   1431 289
   1489 290
   1418 291
   1383 292
   1433 293
   1474 294
   1439 295
   1493 296
   1502 297
   1442 298
   1476 299
   1483 300
   1497 301
   1447 302
   1488 303
   1466 304
   1434 305
   1478 306
   1472 307
   1474 308
   1560 309
   1485 310
   1463 311
   1426 312
   1471 313
   1472 314
   1501 315
   1499 316
   1559 317
   1477 318
   1524 319
   1590 320
   1529 321
   1532 322
   1560 323
   1554 324
   1560 325
   1606 326
   1558 327
   1586 328
   1501 329
   1574 330
   1635 331
   1589 332
   1632 333
   1590 334
   1549 335
   1618 336
   1647 337
   1528 338
   1588 339
   1666 340
   1644 341
   1703 342
   1601 343
   1611 344
   1709 345
   1616 346
   1638 347
   1673 348
   1647 349
   1702 350
   1692 351
   1676 352
   1682 353
   1672 354
   1807 355
   1660 356
   1709 357
   1674 358
   1693 359
   1742 360
   1691 361
   1752 362
   1833 363
   1791 364
   1795 365
   1752 366
   1786 367
   1764 368
   1790 369
   1749 370
   1763 371
   1704 372
   1734 373
   1828 374
   1704 375
   1792 376
   1753 377
   1836 378
   1878 379
   1802 380
   1788 381
   1844 382
   1827 383
   1838 384
   1821 385
   1812 386
   1856 387
   1860 388
   1847 389
   1839 390
   1868 391
   1832 392
   1887 393
   1878 394
   1907 395
   1926 396
   1865 397
   1920 398
   1897 399
   1896 400
   1956 401
   1915 402
   2030 403
   1896 404
   1907 405
   1942 406
   1965 407
   2005 408
   1940 409
   1879 410
   1899 411
   1950 412
   1997 413
   2004 414
   2035 415
   2003 416
   1953 417
   2027 418
   1990 419
   1998 420
   1994 421
   2078 422
   2007 423
   2014 424
   2035 425
   2067 426
   2062 427
   2076 428
   2050 429
   2122 430
   2049 431
   2160 432
   1918 433
   2123 434
   2018 435
   1960 436
   2105 437
   2103 438
   2008 439
   2044 440
   2029 441
   2104 442
   2075 443
   2087 444
   2123 445
   2195 446
   2053 447
   2076 448
   2118 449
   2131 450
   2190 451
   2182 452
   2134 453
   2206 454
   2177 455
   2176 456
   2220 457
   2158 458
   2208 459
   2115 460
   2225 461
   2219 462
   2121 463
   2202 464
   2230 465
   2236 466
   2251 467
   2264 468
   2155 469
   2150 470
   2188 471
   2317 472
   2331 473
   2257 474
   2256 475
   2204 476
   2218 477
   2214 478
   2319 479
   2252 480
   2326 481
   2289 482
   2229 483
   2293 484
   2343 485
   2381 486
   2247 487
   2298 488
   2382 489
   2381 490
   2375 491
   2400 492
   2358 493
   2431 494
   2333 495
   2359 496
   2355 497
   2377 498
   2398 499
   2517 500
   2402 501
   2325 502
   2397 503
   2371 504
   2333 505
   2450 506
   2449 507
   2350 508
   2387 509
   2414 510
   2461 511
   2480 512
   2347 513
   2422 514
   2406 515
   2370 516
   2471 517
   2440 518
   2582 519
   2478 520
   2539 521
   2389 522
   2443 523
   2440 524
   2425 525
   2418 526
   2540 527
   2503 528
   2554 529
   2544 530
   2558 531
   2475 532
   2473 533
   2582 534
   2518 535
   2572 536
   2537 537
   2566 538
   2522 539
   2557 540
   2517 541
   2627 542
   2661 543
   2535 544
   2679 545
   2603 546
   2587 547
   2648 548
   2586 549
   2581 550
   2611 551
   2597 552
   2673 553
   2578 554
   2610 555
   2583 556
   2710 557
   2669 558
   2619 559
   2632 560
   2672 561
   2666 562
   2648 563
   2670 564
   2845 565
   2730 566
   2735 567
   2677 568
   2709 569
   2600 570
   2636 571
   2664 572
   2777 573
   2801 574
   2735 575
   2805 576
   2798 577
   2708 578
   2731 579
   2749 580
   2731 581
   2786 582
   2832 583
   2699 584
   2770 585
   2844 586
   2751 587
   2700 588
   2761 589
   2755 590
   2707 591
   2803 592
   2822 593
   2803 594
   2805 595
   2884 596
   2910 597
   2712 598
   2794 599
   2868 600
   2866 601
   2724 602
   2791 603
   2878 604
   2877 605
   2928 606
   2868 607
   2935 608
   2924 609
   2902 610
   2891 611
   2884 612
   2921 613
   2891 614
   2849 615
   2883 616
   2933 617
   3017 618
   2959 619
   2959 620
   2925 621
   2973 622
   2957 623
   2873 624
   2996 625
   2921 626
   3012 627
   2993 628
   2912 629
   2956 630
   2880 631
   2948 632
   3069 633
   2964 634
   3013 635
   3044 636
   2915 637
   2976 638
   3006 639
   2992 640
   2923 641
   3002 642
   3057 643
   3051 644
   2950 645
   3087 646
   3021 647
   3093 648
   3110 649
   3093 650
   3098 651
   3163 652
   3106 653
   2980 654
   3047 655
   3109 656
   3058 657
   3086 658
   3075 659
   3166 660
   3131 661
   3186 662
   3195 663
   3103 664
   3054 665
   3091 666
   3139 667
   3181 668
   3212 669
   3171 670
   3093 671
   3126 672
   3219 673
   3176 674
   3106 675
   3215 676
   3225 677
   3176 678
   3102 679
   3169 680
   3200 681
   3162 682
   3198 683
   3167 684
   3266 685
   3195 686
   3221 687
   3244 688
   3159 689
   3218 690
   3273 691
   3294 692
   3234 693
   3307 694
   3317 695
   3220 696
   3155 697
   3328 698
   3304 699
   3255 700
   3229 701
   3358 702
   3375 703
   3325 704
   3225 705
   3279 706
   3304 707
   3381 708
   3396 709
   3348 710
   3303 711
   3314 712
   3209 713
   3363 714
   3315 715
   3194 716
   3234 717
   3297 718
   3422 719
   3309 720
   3237 721
   3406 722
   3384 723
   3383 724
   3499 725
   3288 726
   3303 727
   3353 728
   3300 729
   3492 730
   3365 731
   3414 732
   3454 733
   3495 734
   3350 735
   3390 736
   3499 737
   3394 738
   3476 739
   3434 740
   3388 741
   3472 742
   3406 743
   3452 744
   3461 745
   3459 746
   3296 747
   3459 748
   3443 749
   3508 750
   3447 751
   3528 752
   3401 753
   3595 754
   3501 755
   3452 756
   3444 757
   3504 758
   3398 759
   3500 760
   3530 761
   3399 762
   3413 763
   3529 764
   3510 765
   3458 766
   3518 767
   3527 768
   3557 769
   3512 770
   3569 771
   3504 772
   3582 773
   3546 774
   3544 775
   3525 776
   3442 777
   3451 778
   3573 779
   3537 780
   3560 781
   3573 782
   3537 783
   3556 784
   3620 785
   3542 786
   3604 787
   3578 788
   3664 789
   3617 790
   3616 791
   3690 792
   3652 793
   3581 794
   3641 795
   3569 796
   3648 797
   3638 798
   3650 799
   3585 800
   3638 801
   3611 802
   3526 803
   3600 804
   3557 805
   3825 806
   3619 807
   3614 808
   3610 809
   3707 810
   3718 811
   3587 812
   3705 813
   3596 814
   3734 815
   3570 816
   3711 817
   3541 818
   3511 819
   3676 820
   3659 821
   3712 822
   3712 823
   3725 824
   3609 825
   3750 826
   3679 827
   3664 828
   3685 829
   3737 830
   3711 831
   3693 832
   3752 833
   3620 834
   3738 835
   3676 836
   3626 837
   3645 838
   3796 839
   3653 840
   3710 841
   3618 842
   3762 843
   3765 844
   3819 845
   3813 846
   3678 847
   3784 848
   3687 849
   3787 850
   3749 851
   3791 852
   3800 853
   3699 854
   3667 855
   3755 856
   3583 857
   3770 858
   3745 859
   3768 860
   3851 861
   3771 862
   3785 863
   3626 864
   3694 865
   3701 866
   3815 867
   3817 868
   3841 869
   3783 870
   3804 871
   3828 872
   3784 873
   3823 874
   3913 875
   3752 876
   3834 877
   3890 878
   3794 879
   3796 880
   3834 881
   3756 882
   3767 883
   3852 884
   3774 885
   3876 886
   3893 887
   3797 888
   3782 889
   3922 890
   3881 891
   3751 892
   3911 893
   3825 894
   3832 895
   3859 896
   3931 897
   3675 898
   3741 899
   3805 900
   3821 901
   3831 902
   3847 903
   3756 904
   3855 905
   3768 906
   3876 907
   3871 908
   3867 909
   3910 910
   3984 911
   3832 912
   3812 913
   3869 914
   3989 915
   3889 916
   3943 917
   3810 918
   3850 919
   3786 920
   3887 921
   3896 922
   3933 923
   3875 924
   3832 925
   3965 926
   3962 927
   3925 928
   3829 929
   3897 930
   3931 931
   3925 932
   3930 933
   3878 934
   3911 935
   3850 936
   3832 937
   3851 938
   3811 939
   3834 940
   3836 941
   4005 942
   3844 943
   3907 944
   3874 945
   3868 946
   3917 947
   3935 948
   3815 949
   3812 950
   3792 951
   3833 952
   3912 953
   3900 954
   3832 955
   3761 956
   3946 957
   3893 958
   3899 959
   3892 960
   3952 961
   3910 962
   3898 963
   3899 964
   3730 965
   3921 966
   3805 967
   3955 968
   3825 969
   3893 970
   3816 971
   4029 972
   3978 973
   3975 974
   3901 975
   3845 976
   3984 977
   3862 978
   3870 979
   3986 980
   3866 981
   3905 982
   3840 983
   3909 984
   3807 985
   3901 986
   3857 987
   3788 988
   3859 989
   3971 990
   3887 991
   3882 992
   3801 993
   3895 994
   3877 995
   3842 996
   3801 997
   4013 998
   3841 999
   3995 1000
   3989 1001
   3961 1002
   3868 1003
   4036 1004
   3859 1005
   3888 1006
   3852 1007
   3959 1008
   3885 1009
   3967 1010
   3925 1011
   3896 1012
   3916 1013
   3804 1014
   3806 1015
   3875 1016
   3860 1017
   3917 1018
   3905 1019
   3935 1020
   3937 1021
   3884 1022
   3901 1023
   3821 1024
   3964 1025
   3863 1026
   3960 1027
   3992 1028
   3983 1029
   3830 1030
   3954 1031
   3958 1032
   3831 1033
   3751 1034
   3964 1035
   4008 1036
   3970 1037
   3932 1038
   3819 1039
   3926 1040
   3734 1041
   3904 1042
   3915 1043
   3872 1044
   3889 1045
   3904 1046
   3921 1047
   3937 1048
   3950 1049
   3825 1050
   3894 1051
   3885 1052
   3819 1053
   3959 1054
   3813 1055
   3971 1056
   3856 1057
   3872 1058
   3816 1059
   3951 1060
   3906 1061
   3829 1062
   3879 1063
   3951 1064
   3939 1065
   3916 1066
   3860 1067
   3862 1068
   3950 1069
   3919 1070
   3998 1071
   3910 1072
   3956 1073
   3891 1074
   3839 1075
   3755 1076
   3911 1077
   4001 1078
   3921 1079
   3864 1080
   3864 1081
   3786 1082
   3746 1083
   3657 1084
   3821 1085
   3837 1086
   3890 1087
   3892 1088
   3944 1089
   3904 1090
   3859 1091
   3984 1092
   3913 1093
   3886 1094
   3919 1095
   3812 1096
   3897 1097
   3871 1098
   3790 1099
   3859 1100
   3764 1101
   3806 1102
   3735 1103
   3887 1104
   3842 1105
   3964 1106
   3918 1107
   3841 1108
   3866 1109
   3770 1110
   3778 1111
   3791 1112
   3837 1113
   3839 1114
   3798 1115
   3787 1116
   3771 1117
   3805 1118
   3778 1119
   3776 1120
   3815 1121
   3862 1122
   3751 1123
   3731 1124
   3808 1125
   3741 1126
   3703 1127
   3824 1128
   3740 1129
   3712 1130
   3779 1131
   3789 1132
   3748 1133
   3848 1134
   3784 1135
   3731 1136
   3654 1137
   3742 1138
   3747 1139
   3705 1140
   3857 1141
   3750 1142
   3797 1143
   3808 1144
   3772 1145
   3721 1146
   3650 1147
   3721 1148
   3724 1149
   3671 1150
   3645 1151
   3696 1152
   3719 1153
   3785 1154
   3672 1155
   3792 1156
   3703 1157
   3760 1158
   3624 1159
   3797 1160
   3646 1161
   3726 1162
   3694 1163
   3693 1164
   3756 1165
   3656 1166
   3698 1167
   3776 1168
   3628 1169
   3746 1170
   3737 1171
   3793 1172
   3560 1173
   3654 1174
   3754 1175
   3664 1176
   3635 1177
   3533 1178
   3704 1179
   3776 1180
   3600 1181
   3488 1182
   3752 1183
   3655 1184
   3500 1185
   3620 1186
   3671 1187
   3676 1188
   3754 1189
   3635 1190
   3651 1191
   3657 1192
   3672 1193
   3564 1194
   3521 1195
   3595 1196
   3636 1197
   3652 1198
   3562 1199
   3647 1200
   3628 1201
   3603 1202
   3517 1203
   3508 1204
   3517 1205
   3557 1206
   3717 1207
   3538 1208
   3654 1209
   3575 1210
   3697 1211
   3625 1212
   3570 1213
   3549 1214
   3637 1215
   3560 1216
   3529 1217
   3574 1218
   3577 1219
   3539 1220
   3561 1221
   3566 1222
   3516 1223
   3482 1224
   3614 1225
   3567 1226
   3643 1227
   3585 1228
   3471 1229
   3553 1230
   3578 1231
   3533 1232
   3490 1233
   3458 1234
   3337 1235
   3439 1236
   3526 1237
   3499 1238
   3453 1239
   3446 1240
   3514 1241
   3566 1242
   3472 1243
   3442 1244
   3476 1245
   3447 1246
   3452 1247
   3402 1248
   3469 1249
   3433 1250
   3457 1251
   3434 1252
   3522 1253
   3403 1254
   3388 1255
   3464 1256
   3443 1257
   3403 1258
   3437 1259
   3317 1260
   3432 1261
   3271 1262
   3319 1263
   3491 1264
   3419 1265
   3375 1266
   3353 1267
   3419 1268
   3400 1269
   3434 1270
   3402 1271
   3443 1272
   3406 1273
   3305 1274
   3428 1275
   3421 1276
   3389 1277
   3340 1278
   3371 1279
   3323 1280
   3384 1281
   3306 1282
   3311 1283
   3377 1284
   3342 1285
   3326 1286
   3338 1287
   3261 1288
   3449 1289
   3380 1290
   3304 1291
   3315 1292
   3270 1293
   3330 1294
   3249 1295
   3279 1296
   3279 1297
   3234 1298
   3233 1299
   3262 1300
   3204 1301
   3304 1302
   3213 1303
   3283 1304
   3191 1305
   3165 1306
   3157 1307
   3199 1308
   3204 1309
   3214 1310
   3156 1311
   3318 1312
   3170 1313
   3134 1314
   3329 1315
   3213 1316
   3224 1317
   3198 1318
   3119 1319
   3168 1320
   3205 1321
   3225 1322
   3156 1323
   3242 1324
   3229 1325
   3120 1326
   3136 1327
   3102 1328
   3042 1329
   3018 1330
   3187 1331
   3100 1332
   3107 1333
   3144 1334
   3153 1335
   3118 1336
   3095 1337
   3056 1338
   3101 1339
   3052 1340
   3140 1341
   3086 1342
   3018 1343
   3128 1344
   3027 1345
   3039 1346
   3107 1347
   3095 1348
   3155 1349
   3101 1350
   3048 1351
   3049 1352
   3124 1353
   3027 1354
   3001 1355
   3000 1356
   3047 1357
   2970 1358
   3156 1359
   3058 1360
   3054 1361
   3110 1362
   3042 1363
   2993 1364
   2903 1365
   3096 1366
   2960 1367
   3004 1368
   3032 1369
   2997 1370
   2903 1371
   2964 1372
   2978 1373
   2974 1374
   2979 1375
   2934 1376
   2960 1377
   2946 1378
   2949 1379
   2904 1380
   2936 1381
   3043 1382
   2902 1383
   2925 1384
   2889 1385
   2869 1386
   2929 1387
   2865 1388
   2853 1389
   2918 1390
   2819 1391
   2808 1392
   2887 1393
   2854 1394
   2892 1395
   2804 1396
   2823 1397
   2841 1398
   2806 1399
   2834 1400
   2901 1401
   2836 1402
   2884 1403
   2802 1404
   2784 1405
   2763 1406
   2750 1407
   2784 1408
   2729 1409
   2745 1410
   2750 1411
   2748 1412
   2791 1413
   2737 1414
   2808 1415
   2738 1416
   2743 1417
   2733 1418
   2710 1419
   2726 1420
   2763 1421
   2760 1422
   2690 1423
   2753 1424
   2737 1425
   2700 1426
   2681 1427
   2654 1428
   2581 1429
   2649 1430
   2734 1431
   2628 1432
   2671 1433
   2710 1434
   2691 1435
   2604 1436
   2636 1437
   2645 1438
   2695 1439
   2718 1440
   2695 1441
   2660 1442
   2657 1443
   2657 1444
   2641 1445
   2629 1446
   2620 1447
   2576 1448
   2640 1449
   2623 1450
   2601 1451
   2577 1452
   2548 1453
   2522 1454
   2550 1455
   2546 1456
   2568 1457
   2613 1458
   2566 1459
   2484 1460
   2563 1461
   2502 1462
   2571 1463
   2515 1464
   2410 1465
   2545 1466
   2491 1467
   2511 1468
   2491 1469
   2576 1470
   2493 1471
   2521 1472
   2399 1473
   2443 1474
   2478 1475
   2491 1476
   2525 1477
   2459 1478
   2500 1479
   2458 1480
   2475 1481
   2514 1482
   2456 1483
   2472 1484
   2399 1485
   2400 1486
   2419 1487
   2454 1488
   2367 1489
   2424 1490
   2371 1491
   2398 1492
   2453 1493
   2350 1494
   2344 1495
   2357 1496
   2375 1497
   2397 1498
   2325 1499
   2311 1500
   2367 1501
   2361 1502
   2309 1503
   2379 1504
   2269 1505
   2340 1506
   2403 1507
   2292 1508
   2388 1509
   2279 1510
   2213 1511
   2336 1512
   2341 1513
   2261 1514
   2231 1515
   2304 1516
   2226 1517
   2326 1518
   2236 1519
   2309 1520
   2249 1521
   2195 1522
   2199 1523
   2224 1524
   2207 1525
   2209 1526
   2353 1527
   2203 1528
   2264 1529
   2143 1530
   2205 1531
   2222 1532
   2271 1533
   2157 1534
   2163 1535
   2158 1536
   2122 1537
   2260 1538
   2210 1539
   2250 1540
   2151 1541
   2180 1542
   2108 1543
   2129 1544
   2008 1545
   2141 1546
   2144 1547
   2074 1548
   2182 1549
   2120 1550
   2123 1551
   2074 1552
   2084 1553
   2082 1554
   2052 1555
   2123 1556
   2183 1557
   2101 1558
   2157 1559
   2079 1560
   2069 1561
   2136 1562
   2008 1563
   2045 1564
   2093 1565
   2076 1566
   2019 1567
   2004 1568
   2054 1569
   1961 1570
   2008 1571
   2172 1572
   2068 1573
   1976 1574
   2010 1575
   1968 1576
   2036 1577
   1970 1578
   2057 1579
   2024 1580
   1970 1581
   2015 1582
   1971 1583
   1961 1584
   1963 1585
   1957 1586
   2015 1587
   1945 1588
   1967 1589
   1944 1590
   1947 1591
   1958 1592
   1950 1593
   1914 1594
   1908 1595
   1880 1596
   1987 1597
   1956 1598
   1937 1599
   1889 1600
   1974 1601
   1859 1602
   1869 1603
   1922 1604
   1952 1605
   1936 1606
   1875 1607
   1866 1608
   1897 1609
   1803 1610
   1881 1611
   1936 1612
   1858 1613
   1829 1614
   1882 1615
   1829 1616
   1858 1617
   1822 1618
   1790 1619
   1842 1620
   1808 1621
   1823 1622
   1763 1623
   1785 1624
   1856 1625
   1782 1626
   1744 1627
   1671 1628
   1776 1629
   1729 1630
   1701 1631
   1634 1632
   1809 1633
   1842 1634
   1795 1635
   1759 1636
   1715 1637
   1691 1638
   1769 1639
   1707 1640
   1665 1641
   1756 1642
   1684 1643
   1710 1644
   1702 1645
   1645 1646
   1683 1647
   1628 1648
   1726 1649
   1721 1650
   1656 1651
   1690 1652
   1718 1653
   1667 1654
   1716 1655
   1623 1656
   1635 1657
   1623 1658
   1661 1659
   1688 1660
   1665 1661
   1653 1662
   1630 1663
   1596 1664
   1594 1665
   1595 1666
   1529 1667
   1593 1668
   1629 1669
   1543 1670
   1528 1671
   1614 1672
   1556 1673
   1538 1674
   1541 1675
   1515 1676
   1588 1677
   1568 1678
   1585 1679
   1468 1680
   1557 1681
   1525 1682
   1437 1683
   1531 1684
   1561 1685
   1541 1686
   1512 1687
   1486 1688
   1569 1689
   1525 1690
   1531 1691
   1528 1692
   1444 1693
   1402 1694
   1483 1695
   1470 1696
   1467 1697
   1442 1698
   1468 1699
   1512 1700
   1380 1701
   1437 1702
   1409 1703
   1494 1704
   1443 1705
   1405 1706
   1382 1707
   1423 1708
   1556 1709
   1384 1710
   1457 1711
   1455 1712
   1362 1713
   1391 1714
   1385 1715
   1483 1716
   1398 1717
   1354 1718
   1360 1719
   1356 1720
   1384 1721
   1374 1722
   1439 1723
   1397 1724
   1373 1725
   1394 1726
   1314 1727
   1388 1728
   1334 1729
   1322 1730
   1268 1731
   1292 1732
   1282 1733
   1328 1734
   1378 1735
   1347 1736
   1246 1737
   1313 1738
   1277 1739
   1285 1740
   1335 1741
   1312 1742
   1229 1743
   1320 1744
   1321 1745
   1293 1746
   1250 1747
   1313 1748
   1283 1749
   1294 1750
   1261 1751
   1247 1752
   1267 1753
   1264 1754
   1237 1755
   1255 1756
   1257 1757
   1226 1758
   1269 1759
   1186 1760
   1194 1761
   1225 1762
   1316 1763
   1199 1764
   1244 1765
   1227 1766
   1152 1767
   1148 1768
   1191 1769
   1212 1770
   1248 1771
   1191 1772
   1173 1773
   1153 1774
   1217 1775
   1134 1776
   1160 1777
   1146 1778
   1156 1779
   1164 1780
   1167 1781
   1100 1782
   1164 1783
   1145 1784
   1153 1785
   1106 1786
   1093 1787
   1064 1788
   1143 1789
   1158 1790
   1115 1791
   1125 1792
   1100 1793
   1121 1794
   1092 1795
   1098 1796
   1096 1797
   1036 1798
   1131 1799
   1113 1800
   1101 1801
   1042 1802
   1091 1803
   1089 1804
   1078 1805
   1041 1806
   1031 1807
   1097 1808
   1030 1809
    990 1810
   1000 1811
   1009 1812
   1038 1813
   1016 1814
   1000 1815
    984 1816
   1048 1817
   1039 1818
   1045 1819
    971 1820
   1011 1821
   1000 1822
   1022 1823
    945 1824
   1007 1825
   1015 1826
    994 1827
   1036 1828
   1046 1829
    983 1830
    996 1831
   1007 1832
    983 1833
    995 1834
    971 1835
    964 1836
    952 1837
    926 1838
    937 1839
   1000 1840
    959 1841
    971 1842
    882 1843
    989 1844
    911 1845
    926 1846
    902 1847
    899 1848
    898 1849
    903 1850
    944 1851
    918 1852
    907 1853
    939 1854
    896 1855
    907 1856
    928 1857
    899 1858
    887 1859
    914 1860
    893 1861
    850 1862
    928 1863
    852 1864
    845 1865
    858 1866
    887 1867
    908 1868
    889 1869
    848 1870
    788 1871
    929 1872
    837 1873
    836 1874
    846 1875
    831 1876
    847 1877
    835 1878
    814 1879
    873 1880
    833 1881
    838 1882
    842 1883
    777 1884
    866 1885
    752 1886
    833 1887
    803 1888
    843 1889
    836 1890
    810 1891
    775 1892
    778 1893
    777 1894
    755 1895
    756 1896
    818 1897
    751 1898
    746 1899
    785 1900
    782 1901
    756 1902
    746 1903
    788 1904
    764 1905
    755 1906
    788 1907
    768 1908
    751 1909
    728 1910
    728 1911
    753 1912
    725 1913
    764 1914
    711 1915
    694 1916
    728 1917
    698 1918
    761 1919
    716 1920
    716 1921
    738 1922
    731 1923
    684 1924
    700 1925
    690 1926
    698 1927
    622 1928
    665 1929
    757 1930
    716 1931
    691 1932
    678 1933
    705 1934
    598 1935
    680 1936
    677 1937
    678 1938
    660 1939
    692 1940
    660 1941
    667 1942
    676 1943
    631 1944
    605 1945
    621 1946
    650 1947
    632 1948
    628 1949
    627 1950
    621 1951
    637 1952
    681 1953
    613 1954
    618 1955
    644 1956
    597 1957
    574 1958
    594 1959
    612 1960
    615 1961
    627 1962
    572 1963
    630 1964
    593 1965
    653 1966
    601 1967
    610 1968
    619 1969
    576 1970
    649 1971
    614 1972
    605 1973
    617 1974
    554 1975
    561 1976
    574 1977
    553 1978
    583 1979
    578 1980
    564 1981
    586 1982
    554 1983
    584 1984
    544 1985
    561 1986
    558 1987
    511 1988
    552 1989
    573 1990
    579 1991
    575 1992
    560 1993
    496 1994
    554 1995
    593 1996
    564 1997
    521 1998
    497 1999
    527 2000
    545 2001
    505 2002
    545 2003
    547 2004
    517 2005
    519 2006
    523 2007
    483 2008
    502 2009
    540 2010
    521 2011
    555 2012
    521 2013
    476 2014
    526 2015
    511 2016
    502 2017
    497 2018
    475 2019
    485 2020
    487 2021
    481 2022
    491 2023
    478 2024
    458 2025
    493 2026
    462 2027
    493 2028
    480 2029
    449 2030
    507 2031
    443 2032
    468 2033
    477 2034
    420 2035
    456 2036
    437 2037
    468 2038
    444 2039
    439 2040
    452 2041
    418 2042
    462 2043
    413 2044
    449 2045
    465 2046
    434 2047
    433 2048
    418 2049
    451 2050
    412 2051
    402 2052
    425 2053
    433 2054
    434 2055
    441 2056
    378 2057
    438 2058
    399 2059
    399 2060
    396 2061
    366 2062
    447 2063
    424 2064
    408 2065
    416 2066
    415 2067
    342 2068
    398 2069
    390 2070
    405 2071
    422 2072
    386 2073
    385 2074
    395 2075
    380 2076
    370 2077
    384 2078
    376 2079
    350 2080
    356 2081
    366 2082
    395 2083
    353 2084
    386 2085
    366 2086
    350 2087
    355 2088
    388 2089
    348 2090
    364 2091
    349 2092
    381 2093
    381 2094
    353 2095
    378 2096
    339 2097
    369 2098
    344 2099
    324 2100
    319 2101
    337 2102
    324 2103
    328 2104
    309 2105
    370 2106
    334 2107
    340 2108
    321 2109
    353 2110
    320 2111
    359 2112
    338 2113
    288 2114
    357 2115
    309 2116
    328 2117
    314 2118
    307 2119
    290 2120
    322 2121
    322 2122
    283 2123
    277 2124
    315 2125
    314 2126
    309 2127
    292 2128
    296 2129
    309 2130
    301 2131
    320 2132
    305 2133
    320 2134
    287 2135
    255 2136
    338 2137
    280 2138
    293 2139
    320 2140
    278 2141
    275 2142
    272 2143
    287 2144
    258 2145
    277 2146
    293 2147
    284 2148
    294 2149
    295 2150
    245 2151
    264 2152
    271 2153
    271 2154
    253 2155
    293 2156
    254 2157
    275 2158
    277 2159
    255 2160
    240 2161
    286 2162
    249 2163
    263 2164
    253 2165
    319 2166
    268 2167
    248 2168
    251 2169
    243 2170
    249 2171
    219 2172
    268 2173
    241 2174
    247 2175
    229 2176
    250 2177
    233 2178
    229 2179
    235 2180
    239 2181
    240 2182
    245 2183
    236 2184
    234 2185
    239 2186
    242 2187
    234 2188
    229 2189
    224 2190
    202 2191
    240 2192
    216 2193
    235 2194
    220 2195
    214 2196
    214 2197
    223 2198
    233 2199
    233 2200
    239 2201
    246 2202
    212 2203
    228 2204
    191 2205
    231 2206
    233 2207
    198 2208
    209 2209
    207 2210
    221 2211
    161 2212
    197 2213
    195 2214
    221 2215
    192 2216
    186 2217
    212 2218
    197 2219
    205 2220
    217 2221
    177 2222
    216 2223
    211 2224
    189 2225
    182 2226
    181 2227
    200 2228
    186 2229
    199 2230
    185 2231
    192 2232
    163 2233
    189 2234
    177 2235
    170 2236
    202 2237
    157 2238
    181 2239
    165 2240
    168 2241
    170 2242
    187 2243
    163 2244
    189 2245
    181 2246
    168 2247
    176 2248
    182 2249
    179 2250
    155 2251
    164 2252
    165 2253
    163 2254
    155 2255
    175 2256
    172 2257
    170 2258
    172 2259
    146 2260
    161 2261
    145 2262
    171 2263
    156 2264
    148 2265
    155 2266
    152 2267
    129 2268
    147 2269
    152 2270
    156 2271
    159 2272
    142 2273
    147 2274
    136 2275
    140 2276
    125 2277
    141 2278
    186 2279
    138 2280
    132 2281
    153 2282
    136 2283
    141 2284
    132 2285
    131 2286
    133 2287
    153 2288
    155 2289
    147 2290
    141 2291
    156 2292
    128 2293
    152 2294
    136 2295
    120 2296
    144 2297
    137 2298
    131 2299
    121 2300
    130 2301
    124 2302
    140 2303
    126 2304
    106 2305
    149 2306
    134 2307
    127 2308
    104 2309
    113 2310
    132 2311
    126 2312
    129 2313
    115 2314
    115 2315
    118 2316
    133 2317
    127 2318
    122 2319
    107 2320
    125 2321
    105 2322
    116 2323
    137 2324
    123 2325
    121 2326
    123 2327
    120 2328
    119 2329
    115 2330
    117 2331
    121 2332
    126 2333
    101 2334
    115 2335
    119 2336
    127 2337
    114 2338
    127 2339
    129 2340
    114 2341
     92 2342
    131 2343
    115 2344
    115 2345
    109 2346
     89 2347
    115 2348
    124 2349
     98 2350
     85 2351
    113 2352
    103 2353
    102 2354
     95 2355
    108 2356
    108 2357
     90 2358
    107 2359
    104 2360
     89 2361
    106 2362
    100 2363
     87 2364
     94 2365
    100 2366
     87 2367
     90 2368
     94 2369
     85 2370
    109 2371
     85 2372
     99 2373
    114 2374
     98 2375
     89 2376
     90 2377
     78 2378
     95 2379
     97 2380
    104 2381
     90 2382
     81 2383
     82 2384
     81 2385
     91 2386
     75 2387
     82 2388
     88 2389
     81 2390
     94 2391
     85 2392
     79 2393
     76 2394
     67 2395
     77 2396
     69 2397
     63 2398
     83 2399
     59 2400
     73 2401
     76 2402
     74 2403
     76 2404
     78 2405
     80 2406
     79 2407
     69 2408
     90 2409
     70 2410
     85 2411
     72 2412
     76 2413
     79 2414
     84 2415
     69 2416
     85 2417
     77 2418
     59 2419
     68 2420
     72 2421
     70 2422
     74 2423
     78 2424
     61 2425
     72 2426
     72 2427
     68 2428
     41 2429
     70 2430
     63 2431
     60 2432
     70 2433
     57 2434
     63 2435
     59 2436
     54 2437
     64 2438
     65 2439
     60 2440
     64 2441
     67 2442
     60 2443
     75 2444
     65 2445
     53 2446
     52 2447
     61 2448
     63 2449
     54 2450
     63 2451
     55 2452
     48 2453
     58 2454
     49 2455
     53 2456
     52 2457
     53 2458
     53 2459
     58 2460
     49 2461
     63 2462
     60 2463
     52 2464
     47 2465
     58 2466
     53 2467
     46 2468
     36 2469
     55 2470
     57 2471
     51 2472
     35 2473
     41 2474
     46 2475
     47 2476
     40 2477
     52 2478
     53 2479
     62 2480
     43 2481
     46 2482
     44 2483
     36 2484
     44 2485
     57 2486
     45 2487
     54 2488
     51 2489
     45 2490
     50 2491
     48 2492
     36 2493
     43 2494
     46 2495
     46 2496
     49 2497
     45 2498
     44 2499
     39 2500
     43 2501
     46 2502
     44 2503
     40 2504
     42 2505
     34 2506
     42 2507
     39 2508
     42 2509
     37 2510
     32 2511
     43 2512
     42 2513
     45 2514
     40 2515
     36 2516
     46 2517
     36 2518
     41 2519
     49 2520
     31 2521
     41 2522
     36 2523
     47 2524
     38 2525
     31 2526
     42 2527
     38 2528
     29 2529
     31 2530
     34 2531
     26 2532
     40 2533
     32 2534
     36 2535
     43 2536
     40 2537
     39 2538
     34 2539
     23 2540
     42 2541
     33 2542
     35 2543
     43 2544
     31 2545
     32 2546
     32 2547
     34 2548
     37 2549
     27 2550
     27 2551
     35 2552
     32 2553
     34 2554
     39 2555
     38 2556
     31 2557
     20 2558
     46 2559
     28 2560
     34 2561
     38 2562
     34 2563
     35 2564
     35 2565
     38 2566
     31 2567
     30 2568
     32 2569
     29 2570
     23 2571
     23 2572
     29 2573
     31 2574
     24 2575
     26 2576
     30 2577
     27 2578
     24 2579
     27 2580
     34 2581
     23 2582
     26 2583
     26 2584
     26 2585
     29 2586
     24 2587
     19 2588
     33 2589
     26 2590
     24 2591
     21 2592
     42 2593
     22 2594
     19 2595
     24 2596
     25 2597
     19 2598
     23 2599
     23 2600
     27 2601
     19 2602
     24 2603
     20 2604
     24 2605
     29 2606
     31 2607
     24 2608
     17 2609
     26 2610
     23 2611
     31 2612
     25 2613
     25 2614
     22 2615
     19 2616
     24 2617
     18 2618
     26 2619
     21 2620
     13 2621
     23 2622
     11 2623
     33 2624
     20 2625
     19 2626
     22 2627
     27 2628
     22 2629
     20 2630
     24 2631
     16 2632
     22 2633
     18 2634
     15 2635
     21 2636
     22 2637
     28 2638
     16 2639
     27 2640
     12 2641
     16 2642
     18 2643
     17 2644
     18 2645
     19 2646
     21 2647
     16 2648
     13 2649
     11 2650
     22 2651
      7 2652
     19 2653
     15 2654
     23 2655
     24 2656
     15 2657
     17 2658
     21 2659
     14 2660
     12 2661
     11 2662
     13 2663
     14 2664
     20 2665
     18 2666
     14 2667
     13 2668
     14 2669
     19 2670
     11 2671
      7 2672
     15 2673
      9 2674
     19 2675
     16 2676
     17 2677
     15 2678
      6 2679
     14 2680
     17 2681
     13 2682
     13 2683
     17 2684
     10 2685
     14 2686
     13 2687
     10 2688
     16 2689
     13 2690
     16 2691
     19 2692
     13 2693
     17 2694
     12 2695
     17 2696
     11 2697
     10 2698
     13 2699
     13 2700
     14 2701
      9 2702
     15 2703
     20 2704
     11 2705
     18 2706
     12 2707
     10 2708
      5 2709
     14 2710
      9 2711
     12 2712
     14 2713
     13 2714
      7 2715
     10 2716
      9 2717
      9 2718
      8 2719
     15 2720
     12 2721
     12 2722
     10 2723
      6 2724
     19 2725
     11 2726
      7 2727
     11 2728
     12 2729
      8 2730
      9 2731
     13 2732
      9 2733
      9 2734
      9 2735
     10 2736
     10 2737
     14 2738
      7 2739
     14 2740
     12 2741
      7 2742
      6 2743
      9 2744
     12 2745
      5 2746
     10 2747
      7 2748
     10 2749
     14 2750
      4 2751
     13 2752
      7 2753
      5 2754
      5 2755
     13 2756
      6 2757
      6 2758
      6 2759
      9 2760
      4 2761
      7 2762
     14 2763
      7 2764
      7 2765
      9 2766
      9 2767
      5 2768
      8 2769
      8 2770
      7 2771
      3 2772
      8 2773
      6 2774
      4 2775
     13 2776
      7 2777
      8 2778
      3 2779
     11 2780
      4 2781
      8 2782
     13 2783
      5 2784
      8 2785
      5 2786
      7 2787
      7 2788
      6 2789
      9 2790
      5 2791
      3 2792
      5 2793
     10 2794
      7 2795
      5 2796
      4 2797
      4 2798
      8 2799
      7 2800
      7 2801
     10 2802
      4 2803
      6 2804
      6 2805
      2 2806
      5 2807
      8 2808
      6 2809
      6 2810
      4 2811
      5 2812
      5 2813
      9 2814
      4 2815
      6 2816
      4 2817
      5 2818
      6 2819
      4 2820
      3 2821
      5 2822
      8 2823
      8 2824
      4 2825
      7 2826
      6 2827
      1 2828
      3 2829
      7 2830
      4 2831
      6 2832
      2 2833
      2 2834
      5 2835
      7 2836
      9 2837
      5 2838
      6 2839
      7 2840
     11 2841
      2 2842
      5 2843
      3 2844
      4 2845
      5 2846
      3 2847
      6 2848
      4 2849
      6 2850
      6 2851
      2 2852
      1 2853
      6 2854
      6 2855
      6 2856
      6 2857
      2 2858
      5 2859
      3 2860
      2 2861
      3 2862
      1 2863
      4 2864
      3 2865
      7 2866
      6 2867
      3 2868
      2 2869
      2 2870
      6 2871
      5 2872
      6 2874
      1 2875
      2 2876
      3 2877
      3 2878
      6 2879
      3 2880
      3 2881
      3 2882
      1 2883
      2 2884
      3 2885
      2 2886
      2 2887
      3 2888
      2 2889
      3 2890
      3 2891
      2 2892
      2 2893
      3 2894
      3 2895
      4 2896
      3 2897
      3 2899
      3 2900
      2 2901
      3 2902
      2 2903
      6 2904
      3 2905
      3 2906
      1 2907
      2 2908
      2 2909
      1 2910
      2 2911
      3 2912
      3 2913
      2 2914
      3 2915
      3 2916
      2 2917
      5 2918
      1 2919
      3 2921
      3 2922
      5 2923
      2 2924
      1 2925
      3 2926
      2 2927
      2 2928
      2 2929
      5 2930
      3 2931
      2 2932
      3 2933
      2 2934
      3 2935
      2 2936
      4 2937
      2 2938
      3 2939
      4 2940
      1 2941
      4 2943
      4 2944
      1 2945
      1 2946
      5 2947
      1 2948
      3 2949
      1 2950
      2 2951
      1 2952
      1 2953
      2 2954
      1 2956
      1 2957
      3 2959
      3 2961
      1 2962
      1 2963
      1 2964
      2 2965
      2 2966
      1 2967
      1 2968
      4 2972
      2 2973
      3 2974
      1 2975
      1 2978
      2 2980
      1 2981
      1 2982
      1 2984
      2 2985
      3 2988
      3 2989
      1 2990
      1 2991
      3 2992
      4 2993
      1 2994
      1 2995
      3 2996
      1 2997
      1 2999
      1 3000
      3 3001
      1 3002
      1 3003
      2 3004
      1 3005
      1 3006
      2 3007
      2 3010
      2 3011
      3 3012
      2 3013
      4 3016
      3 3017
      1 3019
      1 3020
      1 3021
      2 3024
      1 3026
      1 3029
      1 3031
      1 3032
      1 3033
      3 3034
      3 3035
      1 3036
      1 3038
      1 3040
      1 3041
      1 3043
      2 3048
      1 3049
      2 3050
      2 3051
      1 3052
      2 3053
      1 3054
      1 3055
      2 3057
      1 3060
      1 3061
      1 3063
      2 3065
      1 3066
      1 3067
      1 3070
      1 3071
      3 3074
      1 3077
      1 3078
      2 3079
      1 3081
      2 3084
      2 3085
      1 3086
      1 3087
      3 3088
      2 3089
      3 3093
      1 3094
      2 3095
      1 3097
      1 3099
      1 3101
      2 3104
      1 3107
      2 3108
      1 3109
      1 3111
      1 3116
      1 3119
      2 3120
      1 3121
      1 3128
      1 3129
      1 3133
      2 3137
      3 3140
      1 3142
      1 3146
      1 3147
      1 3148
      1 3149
      1 3151
      1 3155
      1 3156
      1 3157
      1 3162
      2 3163
      1 3173
      1 3174
      2 3175
      1 3177
      1 3179
      1 3180
      1 3189
      1 3190
      1 3198
      1 3201
      1 3203
      1 3207
      1 3215
      1 3219
      1 3232
      1 3238
      1 3271
      1 3287
      1 3293
      1 3297
      1 3321
      1 3326
      1 3371
      1 3668
