4892729 0
   2411 1
    152 2
     17 3
     67 4
    224 5
   1238 6
      3 7
      3 8
   1493 9
      5 10
      2 11
      1 12
      1 14
      1 16
      1 17
      2 22
      2 26
      1 28
      2 36
      1 38
      2 39
      1 40
      1 41
      1 47
      1 54
      1 55
      1 71
      1 74
      1 77
      1 91
      1 100
      1 104
      1 119
      1 121
      1 123
      1 146
      1 151
      1 179
      1 184
      1 187
      1 190
      1 191
      1 195
      1 204
      1 206
      1 218
      1 222
      1 247
      1 261
      1 268
      1 278
      1 287
      1 289
      1 290
      1 306
      1 338
      1 387
      1 390
      1 402
      1 416
      1 417
      2 421
      1 425
      1 439
      1 446
      1 450
      1 480
      1 502
      1 505
      1 508
      1 512
      1 572
      1 605
      1 610
      1 611
      1 626
      1 629
      1 684
      1 749
      1 754
      1 766
      1 789
      1 841
      1 849
      2 857
      1 867
      1 889
      1 975
      1 993
      1 1045
      1 1743
      1 7468
